step temp press etotal pe ke density
1000 145.082103674967 85.3639558500826 -890.707185383342 -1279.49069662917 388.783511245825 0.36452890057789
2000 139.159146730635 72.2679602843366 -956.468656243253 -1329.38013407182 372.911477828566 0.374114520323384
3000 139.709783777008 57.6867681965407 -921.744241082645 -1296.13128756433 374.387046481682 0.367214125621664
4000 138.659647730528 72.5517485453174 -889.827450792059 -1261.40039705673 371.572946264672 0.360076633405965
5000 141.953100796634 -38.2347232201373 -922.457703007702 -1302.85627431316 380.398571305459 0.36516295285292
6000 136.91753035754 -23.1634702566864 -879.370889759629 -1246.27540006896 366.90451030933 0.35140813083456
7000 141.613618294484 -39.8097303019731 -892.916677656154 -1272.40552132568 379.488843669526 0.358852739092116
8000 140.387386306772 -15.7601186043361 -929.808644933682 -1306.0114955985 376.202850664815 0.367036933707069
9000 139.924636608779 147.812376175372 -902.491994372388 -1277.45479235078 374.962797978396 0.363222529157637
10000 137.542804058817 -5.92872053201055 -921.096776441994 -1289.67686284868 368.580086406689 0.362667174649428
11000 143.970416550299 69.4036993428215 -889.476119526305 -1275.28058916198 385.804469635679 0.362003697889132
12000 141.783067992125 42.1637287956714 -877.601043637452 -1257.54396983515 379.942926197694 0.356235023308728
13000 146.373854677796 40.4397069762233 -872.122324076278 -1264.36740279193 392.245078715652 0.358684479945641
14000 144.893477083358 130.130598295858 -913.463272789515 -1301.74131225941 388.278039469896 0.369651904459909
15000 134.596283314911 -10.1620979239617 -939.814190082297 -1300.49834272626 360.684152643962 0.366888340869267
16000 138.286468031275 -62.7482731310201 -912.493799207435 -1283.06671783171 370.572918624278 0.35975199457124
17000 136.531464799616 -19.3774932488272 -920.424797103763 -1286.29474891567 365.869951811909 0.361561717921551
18000 143.703094326642 -57.4406746097201 -862.469432379335 -1247.55754575801 385.088113378673 0.350362787145999
19000 142.212273360979 -12.5502114032902 -898.914308071564 -1280.00739659888 381.093088527312 0.36175848538708
20000 145.751188087868 58.5614018502123 -889.068561224902 -1279.64505024523 390.576489020329 0.364171145082061
21000 141.705051820537 102.250187601549 -899.960069714607 -1279.69393221419 379.733862499583 0.365003583285635
22000 138.555543436218 44.3166017157459 -937.257610972823 -1308.55158393857 371.293972965743 0.36900295199211
23000 140.012678931096 72.0337113661355 -895.310730137113 -1270.50945937334 375.198729236225 0.361423349978948
24000 143.02781710849 -23.3098334437927 -900.96753956422 -1284.24608000945 383.278540445227 0.360030041767457
25000 137.331636381877 78.3583130984967 -928.942900584867 -1296.957110782 368.014210197129 0.368118772022305
26000 137.95904489503 43.4657085641409 -911.364498356069 -1281.06000540892 369.695507052846 0.36216678543003
27000 142.082050421352 59.802576615476 -932.909513035419 -1313.65363687011 380.744123834694 0.371802967226676
28000 140.305911911389 -27.5275746068477 -909.455333783022 -1285.43985358062 375.984519797594 0.362233181206097
29000 135.315854228925 -24.9103013385863 -917.675501968564 -1280.28792349928 362.612421530714 0.359064843308782
30000 135.344210560652 -0.240333868422734 -895.065288260754 -1257.75369762136 362.688409360609 0.355478960749981
31000 138.771101461305 -103.514520354 -905.83240128714 -1277.70401549014 371.871614203 0.356790494899068
32000 139.145196185911 -88.0688220618086 -914.74300521856 -1287.61709909953 372.874093880968 0.360164845468385
33000 142.824411567378 19.870251062779 -913.707833785793 -1296.44129859125 382.733464805455 0.365234374432973
34000 133.354135156815 -43.0484831493024 -941.232763036933 -1298.58827134669 357.35550830976 0.365093767548881
35000 144.215626530319 -43.5879404061508 -886.349071815655 -1272.81064246249 386.461570646831 0.358135345847333
36000 144.371538364888 -50.8614550766816 -867.227361231465 -1254.10673634179 386.879375110326 0.354792371266281
37000 141.099154520488 -180.078157283795 -879.828912379866 -1257.93912265908 378.110210279214 0.349469062778837
38000 134.467089350403 62.8149436374209 -959.263570336658 -1319.60151568226 360.337945345607 0.371655567707501
39000 139.32398255322 50.3107113730534 -927.966285697516 -1301.31948203071 373.353196333195 0.367709181774043
40000 139.371272400932 -5.40936822693616 -916.811309070705 -1290.29123028984 373.479921219132 0.363600138976321
41000 137.112053080918 -31.249108378269 -898.858466866121 -1266.28424910008 367.425782233961 0.35573460480217
42000 138.547853677106 -29.6655033323335 -924.964019985847 -1296.23738633318 371.273366347337 0.364914842857763
43000 147.048783817771 47.8254895326793 -926.174909219481 -1320.2286281067 394.053718887217 0.371592020214325
44000 140.236067365686 -93.8755395475263 -886.581239594524 -1262.37859359405 375.797353999527 0.354758916829947
45000 145.293223922134 40.8776877288845 -914.292234527807 -1303.64149488334 389.349260355534 0.368421095054438
46000 137.38794569989 46.2954641528937 -917.739421420063 -1285.90452641275 368.165104992687 0.363920289068921
47000 139.667912467184 -1.05146992055268 -881.937770749016 -1256.2126126621 374.274841913086 0.355713292376631
48000 137.804600760394 -84.8780637816499 -912.032176918112 -1281.31381257377 369.281635655654 0.359577444088113
49000 142.145341670509 -47.1732230780009 -924.634395669671 -1305.54812411758 380.913728447912 0.36603608833083
50000 145.669212521236 -0.611553114342219 -917.758766504494 -1308.11558164483 390.35681514034 0.367523059366866
51000 145.814248093433 2.23224805366854 -901.68909018967 -1292.43456414861 390.745473958938 0.363055596167314
52000 139.763567762831 45.7490779797156 -899.225325541677 -1273.75649956444 374.531174022761 0.360220429069418
53000 140.470295227262 -39.8015476003674 -881.52394878445 -1257.94897448261 376.425025698162 0.355107374556298
54000 142.636794121257 73.8960992767374 -923.968335215648 -1306.19903250101 382.230697285365 0.369814598422226
55000 139.002396400496 52.9780710120783 -909.639757453322 -1282.13118386137 372.49142640805 0.363702886853159
56000 141.589387777883 -72.2721916839117 -902.227078811439 -1281.65099079687 379.423911985432 0.357542249445754
57000 139.524354797449 -59.9930102752269 -903.548694154826 -1277.43883765583 373.890143501002 0.358529892751267
58000 134.369163152881 14.0548438701548 -958.108634757204 -1318.18416254785 360.075527790642 0.37026176636583
59000 139.064732449938 -24.8345437429937 -910.790065867086 -1283.4485371936 372.658471326516 0.360342587215859
60000 143.937181233224 -5.46240904367982 -889.331292565657 -1275.04669991907 385.71540735341 0.357791227531462
61000 138.617534874187 50.5155149201155 -931.110396242413 -1302.57049065464 371.460094412223 0.368482752630094
62000 133.836662693188 -49.0604764040053 -928.370649827018 -1287.01921045069 358.64856062367 0.360387270816311
63000 142.726729491989 16.3934125219597 -898.472771839232 -1280.94447327558 382.471701436345 0.359895556231242
64000 139.856838711697 14.779894755325 -909.396072073299 -1284.17718875666 374.781116683358 0.362922285223535
65000 142.665798934818 35.8725832164755 -908.10437521891 -1290.41279810222 382.308422883311 0.365099698471051
66000 142.602743451011 140.986540460496 -904.712985734023 -1286.8524357959 382.139450061874 0.36553931808286
67000 139.65376732883 73.639946962358 -917.771500303826 -1292.00843680738 374.23693650355 0.366620681541453
68000 137.485209618286 -12.1346639778952 -930.216547842806 -1298.64229564914 368.425747806332 0.364580790688308
69000 141.323333076738 -50.4181882490072 -885.81010759346 -1264.5210599631 378.710952369641 0.355783295437015
70000 143.158672902145 -40.6565426620213 -898.81435977025 -1282.44356079756 383.629201027308 0.361220323891744
71000 143.077802186182 -15.9325757323878 -886.315754010021 -1269.72824187897 383.412487868947 0.35777300295586
72000 131.669961216229 14.4655100077588 -924.845345789271 -1277.6876919544 352.842346165126 0.3626170381368
73000 141.095883178267 14.9818354192814 -889.531358466738 -1267.63280237241 378.101443905673 0.358020692729481
74000 148.062815249801 54.9605710799333 -910.189848840729 -1306.96091666811 396.771067827382 0.368715625930279
75000 136.044266540814 75.6440649249986 -933.164534401118 -1297.72891753893 364.564383137815 0.366652281902602
76000 141.034520582537 -38.3675806200524 -928.989471877549 -1306.92647947562 377.937007598072 0.366336539390139
77000 136.218041631642 -103.197993213381 -918.350825615579 -1283.38088224632 365.030056630739 0.360507319917211
78000 138.412804265378 -20.8484312499628 -907.554231712701 -1278.46569963733 370.911467924626 0.358783127888516
79000 137.034872113551 97.6180606979353 -900.593819269199 -1267.81277594209 367.218956672887 0.363163535320735
80000 140.485126479012 -33.1855670474626 -916.204687153373 -1292.66945687223 376.46476971886 0.36286676278236
81000 142.693795805464 51.4382345528562 -905.73573746948 -1288.11918491749 382.383447448007 0.363861439359173
82000 139.761372419398 15.3043001260173 -915.429689486744 -1289.95498054181 374.525291055071 0.365289709291865
83000 138.145595501668 3.9986603444657 -874.051153901398 -1244.24656961311 370.195415711712 0.351757344272997
84000 147.496757464544 85.7626099307482 -892.077984059285 -1287.33215953574 395.25417547646 0.365450653115579
85000 135.270807919923 44.7855347411515 -949.455179719669 -1311.94688848334 362.491708763673 0.370200324360174
86000 145.522361469293 24.9732667466297 -916.29782640915 -1306.26111770224 389.963291293093 0.367516339176133
87000 138.65497911445 109.480529722154 -928.04836642549 -1299.60880197447 371.560435548976 0.367556369334183
88000 137.227263453206 -68.2569684376556 -952.575092546448 -1320.3096095722 367.734517025748 0.368435231521963
89000 140.703472792862 -8.27895833155808 -895.195455213126 -1272.24533808113 377.049882868007 0.359524742976746
90000 143.382148855826 3.43185261540174 -893.837113230849 -1278.06517355059 384.228060319737 0.360423232186177
91000 142.790298333486 -38.9723901655652 -907.870191597183 -1290.51224152433 382.642049927144 0.360846001963491
92000 144.569131879328 -19.1325423512045 -910.305997527365 -1297.71487350925 387.408875981884 0.364018114754383
93000 136.509598333095 -22.5171422995642 -918.475626288541 -1284.28698147539 365.811355186846 0.362459441368876
94000 144.05387234241 -8.60595578289088 -902.668952599258 -1288.69706274654 386.028110147286 0.362841425256511
95000 139.487037459057 -48.7369519565207 -941.957176830576 -1315.74731925989 373.790142429313 0.367709553031344
96000 136.641385794794 -12.328257952035 -934.532627572032 -1300.69713997675 366.164512404721 0.365036722450356
97000 141.369658932079 49.3190117968391 -870.21771169699 -1249.05280569571 378.835093998721 0.355126693780036
98000 137.786130330931 -76.0814935654012 -908.270909398848 -1277.50304895375 369.232139554902 0.358362747747825
99000 132.815135066376 12.1454193551894 -925.473380150942 -1281.38450391971 355.911123768767 0.361380470000477
100000 138.827244724197 -4.40546884737581 -912.741066206394 -1284.76313021903 372.022064012639 0.361903903500066
