step temp press etotal pe ke density
201000 134.926279671591 25.8821833286578 -911.608141257844 -1273.17660105616 361.568459798315 0.3599063527736
202000 143.042144147417 84.1152057065293 -894.609012126942 -1277.92594542945 383.316933302504 0.363368264848316
203000 142.15493842887 27.0633738458081 -911.700674434012 -1292.6401197782 380.93944534419 0.364835670321105
204000 135.643566944556 24.1256119953532 -921.525408186551 -1285.01601728855 363.490609101997 0.362721359156297
205000 139.586632302525 -43.6756815463205 -912.167763318326 -1286.22479485363 374.057031535306 0.359813271827531
206000 138.665106400078 33.5364046259678 -936.551878808363 -1308.13945293312 371.587574124762 0.369041095608631
207000 138.351365689592 -63.2651013173437 -918.070637954778 -1288.81746596438 370.746828009606 0.360488494490846
208000 142.03819784283 -83.6474092234663 -885.077552862039 -1265.70416282684 380.626609964803 0.355739525477495
209000 134.069602427409 6.48065927451713 -932.265923629742 -1291.53870409504 359.272780465297 0.364333697282097
210000 141.114836805821 -66.6695927489032 -908.547900877384 -1286.70013573304 378.152234855657 0.358804919962965
211000 132.412495990455 -32.9761051302986 -934.372233694762 -1289.20438611051 354.832152415747 0.362455023327396
212000 143.361125056024 -2.72244687595998 -918.185388550676 -1302.35711038 384.171721829326 0.365646656013503
213000 140.725193392833 -17.2046493826414 -889.288773136485 -1266.39686174393 377.108088607443 0.356985584484871
214000 130.930933163993 66.7224230917499 -950.498364626458 -1301.36030167302 350.861937046567 0.367727442114327
215000 143.13842830845 54.6918839374275 -890.160919550004 -1273.73587016309 383.574950613085 0.36145834590304
216000 143.58869762736 -51.7963817417395 -893.173466779835 -1277.95502580552 384.781559025687 0.357919599801719
217000 144.041324043348 32.6781383985809 -894.604090805088 -1280.59857467011 385.994483865024 0.361540617836915
218000 139.658430070248 -76.5179024842172 -899.843257374518 -1274.09268885115 374.249431476635 0.356532387820547
219000 146.479368735515 -12.1239964571371 -909.636068706412 -1302.163898532 392.527829825585 0.367257635443867
220000 140.387290871405 -39.3135915427559 -908.719455950469 -1284.92205087253 376.202594922059 0.359679816158431
221000 138.051428272511 -52.2354530823156 -911.11351139574 -1281.05658264133 369.943071245588 0.359626729087715
222000 149.082987932491 76.2413020386688 -909.549255384952 -1309.05412915812 399.504873773165 0.368438272969499
223000 137.602359535556 -20.4047629781572 -866.87356340531 -1235.61324349567 368.739680090361 0.34781931641266
224000 137.177432844025 83.5865840767238 -920.562774833158 -1288.16375837191 367.600983538749 0.365174363509858
225000 148.397978947177 30.3171530406275 -898.483817513077 -1296.15303966692 397.669222153845 0.365214597806776
226000 135.370771025776 -9.65717992344122 -911.567075153487 -1274.32665987363 362.759584720145 0.359645880979933
227000 137.914245777173 1.89012122556979 -931.974711346193 -1301.55016804203 369.575456695841 0.367002964913138
228000 129.994456599115 -73.6196458134883 -916.36229078212 -1264.71470640688 348.352415624764 0.355453320172315
229000 134.157189781025 -22.5996584631618 -950.378091068049 -1309.8855835896 359.507492521554 0.369057044024638
230000 135.699182118817 -8.1509029667117 -910.755092779689 -1274.39473654675 363.639643767059 0.360206054128705
231000 144.389547770451 48.4106830233064 -904.976256444773 -1291.90389222787 386.927635783094 0.366558476676948
232000 135.080629384187 -33.6784882222787 -919.276176803444 -1281.25825497165 361.982078168211 0.360664375846621
233000 135.268243713575 42.1336489000366 -963.5482046134 -1326.03304194964 362.484837336238 0.373368874087123
234000 141.075285134091 44.9319889285439 -908.471689815326 -1286.51793614847 378.046246333147 0.362566073641915
235000 135.743196881869 -3.61667977988334 -923.087410917282 -1286.84500316794 363.757592250658 0.36153349376598
236000 136.918516556496 -69.7690308026319 -937.805142594127 -1304.71229566837 366.907153074241 0.363849614606114
237000 142.111178609221 169.402453871006 -926.883236475876 -1307.7054165206 380.822180044725 0.372977300557546
238000 133.905667018904 -18.7166817617802 -895.593097122348 -1254.42657196606 358.83347484371 0.355149224622962
239000 138.258835897958 -58.1568673881807 -940.61756438093 -1311.11643584472 370.498871463794 0.367615029516961
240000 146.403607048539 -10.8117636623666 -884.20422672628 -1276.52903430492 392.324807578636 0.359214718437146
241000 139.160382422746 73.6475898585948 -894.379734067865 -1267.29452324019 372.914789172322 0.360455155221897
242000 140.458818929445 15.6067480879116 -915.539026470737 -1291.93329858008 376.394272109343 0.365197437587944
243000 139.050475858094 -19.0647873678656 -929.41731690269 -1302.03758415238 372.620267249685 0.365094141415001
244000 138.958686213552 12.7060137540605 -898.948103116313 -1271.32239722805 372.374294111736 0.35793125725676
245000 142.535775826118 20.5213071679468 -892.651234065548 -1274.61122775282 381.959993687268 0.35809479883285
246000 143.122218594286 41.9166416462852 -872.815141109751 -1256.34665376992 383.531512660165 0.356088482785554
247000 139.641208198727 12.2392371226448 -911.050588975627 -1285.25387017245 374.203281196824 0.36313176044308
248000 136.5806228006 -33.796520481253 -932.257742064675 -1298.25942494295 366.00168287828 0.364660095836224
249000 142.304518117107 -45.371396908639 -871.657085284334 -1252.99736653406 381.340281249727 0.354401542124503
250000 143.388325605499 34.9943204906893 -902.663506882541 -1286.90811933631 384.244612453771 0.363838309247033
251000 140.502813999638 58.2389113262673 -922.431799784855 -1298.94396760589 376.512167821037 0.367216545892098
252000 141.240090151327 33.4855567378931 -878.092584915226 -1256.58046720242 378.487882287197 0.358269350805239
253000 149.167951466296 80.5561956703297 -901.872754421336 -1301.60530907425 399.732554652914 0.368756911680556
254000 137.947688833084 41.5342425016231 -915.963009778737 -1285.62808544463 369.66507566589 0.364432063567575
255000 143.357063937433 -4.54915867283399 -876.615509361529 -1260.77634841548 384.16083905395 0.356953303721314
256000 136.698589977804 -141.436844007705 -923.923187097406 -1290.24099231058 366.317805213174 0.359332632950932
257000 142.831839121657 -35.5191946117098 -897.725492450816 -1280.47886123174 382.753368780921 0.358421432862556
258000 137.973302055421 -13.666377140532 -908.971326605358 -1278.7050392586 369.733712653238 0.359988845067166
259000 132.294926810572 16.8230864015537 -921.917793457882 -1276.43489007135 354.517096613469 0.36187961411786
260000 134.287522811509 -41.5225467555624 -906.882648540031 -1266.73940076998 359.85675222995 0.356014972636733
261000 139.246884232203 99.814737182977 -943.0913291957 -1316.23792143923 373.146592243533 0.372757535165419
262000 143.311577419992 20.0495387334361 -909.924336554477 -1293.9632831936 384.038946639125 0.365306803026761
263000 137.895361568144 43.2739235421387 -931.961544139961 -1301.48639590999 369.524851770026 0.366395160141932
264000 133.700143654579 -40.5181107599524 -936.820718929489 -1295.10344290041 358.282723970918 0.362964882784861
265000 140.321945918728 -21.4894819112063 -900.681763134445 -1276.7092500349 376.02748690046 0.359993584791053
266000 137.208780586 112.389610784992 -941.800338160071 -1309.48532575505 367.684987594977 0.373550580095035
267000 139.634690091903 -12.453682043172 -934.452057047554 -1308.63787135912 374.185814311566 0.366348023924683
268000 135.954563440395 -20.8112210631838 -924.302410472627 -1288.62641188542 364.324001412795 0.361450026126066
269000 137.631068212066 26.7532069530463 -902.010497094673 -1270.82710921024 368.816612115566 0.358312270811189
270000 132.741060102595 38.7775219336582 -937.425050151258 -1293.13767166658 355.712621515322 0.365683903362934
271000 141.631265095729 29.4825457579261 -892.294413737598 -1271.83054639161 379.536132654014 0.35906487056145
272000 144.372880508906 30.2343672869428 -890.60592310667 -1277.48889482506 386.882971718388 0.360305314683102
273000 140.638317649624 0.688803618936762 -893.675905736732 -1270.55118922465 376.875283487917 0.359966439016002
274000 140.069628667612 -5.76898738085283 -918.768828466459 -1294.1201686586 375.351340192136 0.364359272015233
275000 134.639474545499 54.933072976156 -917.499992327265 -1278.29988659516 360.799894267896 0.363043637301461
276000 140.32031801166 56.5490319148583 -915.800065090057 -1291.82318960942 376.023124519368 0.366053555303293
277000 141.149375671679 -50.4166399127199 -910.039716453941 -1288.28450677442 378.244790320476 0.359755142883781
278000 144.211496820083 31.2710018957303 -895.109986870413 -1281.56049093353 386.450504063114 0.363263901048236
279000 144.06522530831 -92.950784214295 -908.430412045559 -1294.48894528318 386.058533237619 0.361446715397152
280000 139.916063012099 66.6542305893309 -939.539690249483 -1314.47951314731 374.939822897826 0.372285129128357
281000 139.54494637139 52.0760024052828 -894.260568132458 -1268.20589186738 373.945323734925 0.358077623740378
282000 139.74941278422 -4.14449480443066 -923.831376080247 -1298.32461832406 374.493242243812 0.364657575297204
283000 132.922486756691 -17.7614593025433 -921.047259970962 -1277.24605924237 356.198799271406 0.359114220513723
284000 136.922597808128 -14.8209744665962 -935.422634739053 -1302.34072454015 366.9180898011 0.365467535504821
285000 141.994575276787 67.0211992185818 -925.671118729968 -1306.18083120041 380.509712470446 0.3690657886103
286000 141.481309417837 21.7586115683291 -904.45549947699 -1283.58978866785 379.134289190864 0.36212205577539
287000 134.859250002693 84.6753202767036 -930.920108095596 -1292.30894525699 361.388837161399 0.365332629339777
288000 141.550101727673 15.7718565284136 -912.697646145308 -1292.01628140703 379.318635261725 0.364563250503548
289000 146.598729304965 25.3173033473241 -866.843321592872 -1259.69100769377 392.847686100893 0.35578478477067
290000 135.81094142053 -5.5711117450194 -918.011348437033 -1281.95047899559 363.939130558562 0.361723964234218
291000 141.662367449257 51.4676264526538 -911.218753775384 -1290.83823290637 379.619479130983 0.365039868283368
292000 141.742468109193 -10.9446176714261 -912.700517895437 -1292.5346466285 379.834128733068 0.363131315454008
293000 141.291990741469 31.3949120450808 -875.958592563917 -1254.58555536594 378.626962802024 0.355264543932916
294000 145.668681018275 8.58707363207681 -890.393944785149 -1280.74933563137 390.355390846218 0.360180580814942
295000 139.856395693229 38.2968200795882 -919.193184242824 -1293.97311374822 374.779929505398 0.365098876168875
296000 139.209953479993 -74.1440760029087 -950.363418609282 -1323.41104573476 373.047627125482 0.368530989493696
297000 142.270378324265 2.38074275401887 -918.966529088948 -1300.21532428907 381.248795200119 0.364891159818555
298000 138.55383487776 41.3184029040478 -932.035283902315 -1303.32467836155 371.28939445923 0.367925703943991
299000 139.202461941834 81.0207031633305 -947.655143099324 -1320.68269478865 373.027551689323 0.372404715412823
300000 149.699052693416 16.694345783635 -875.479533575701 -1276.63530580457 401.155772228869 0.35949957802473
