step temp press etotal pe ke density
101000 133.867491173994 -115.34092424272 -916.0229958506 -1274.75416904129 358.731173190695 0.356294309955009
102000 138.400898060306 127.51630009796 -910.265001714764 -1281.14456400736 370.879562292599 0.365209205754471
103000 145.990452030052 97.1243899189478 -903.276364100488 -1294.49402024757 391.217656147085 0.367353796266752
104000 144.737662337802 168.828868207334 -946.5000975834 -1334.36059276392 387.860495180515 0.377413272675782
105000 140.682449089167 88.0872424897734 -908.682671895698 -1285.67621653084 376.993544635138 0.365591468748307
106000 145.654202652512 61.2457496713963 -927.067904869014 -1317.38449734013 390.31659247112 0.371943631921138
107000 130.318555685916 70.788037998535 -957.207403745772 -1306.42832332634 349.220919580567 0.370497639256192
108000 142.357112864758 43.3753842085837 -909.486257274838 -1290.96747920675 381.481221931913 0.363801296525308
109000 142.328450543603 -7.1870550962427 -921.077830669234 -1302.48224479662 381.404414127389 0.364171358195745
110000 141.884822869526 -18.9901316439516 -888.619191430344 -1268.83479508115 380.215603650806 0.357827221111766
111000 129.331694719894 9.37420748383362 -922.884891387522 -1269.46127203625 346.576380648727 0.35949895539218
112000 139.573617183143 -12.2318835917049 -910.76732330506 -1284.78947759717 374.022154292114 0.362743138262009
113000 129.327788445268 63.9365088299096 -980.599167438436 -1327.16508025463 346.565912816194 0.374648144217051
114000 139.814004341682 -95.5546805552528 -902.956124938597 -1277.62245629451 374.666331355915 0.356204554938822
115000 144.530186438412 19.5084683949218 -862.998639161696 -1250.30315116703 387.30451200533 0.355134358121251
116000 137.46535965575 -116.941960254884 -899.106508846837 -1267.4790637511 368.372554904263 0.353474663669435
117000 137.141014010252 37.4912654798839 -906.303824652846 -1273.80721488607 367.503390233225 0.361600432029734
118000 139.180259449111 -30.1792025117585 -906.571465066471 -1279.53951966511 372.968054598638 0.359363574821915
119000 136.238140728845 -19.391449594052 -888.75723348663 -1253.84115063762 365.083917150993 0.354518002405521
120000 138.168151521702 29.4314937218323 -925.880009052925 -1296.13586921951 370.255860166584 0.36526269263625
121000 141.96401628218 -78.3608704904277 -891.539750211156 -1271.96757226974 380.427822058585 0.354836364338644
122000 137.303154228501 9.67228720169196 -923.761502947238 -1291.69938814413 367.937885196894 0.363790934400024
123000 142.761922259453 -36.1458199412421 -889.771030255648 -1272.33703944849 382.566009192839 0.35800074451962
124000 135.845307260556 -21.0685229318963 -914.808279704982 -1278.8395020627 364.031222357716 0.359663906368691
125000 137.538666455583 75.8554249687516 -921.591482724553 -1290.16048139628 368.568998671724 0.367295511481898
126000 139.417468774157 113.731169452043 -933.176647817768 -1306.78036368651 373.603715868744 0.371872597609471
127000 138.841436258824 -12.8466892427524 -915.219189942572 -1287.27928369508 372.060093752507 0.36205985684974
128000 144.359954976772 6.50254022740405 -891.953281504557 -1278.80161605102 386.848334546467 0.359971091333141
129000 139.078892315374 47.800371713531 -946.771550087491 -1319.46796628842 372.696416200924 0.371211428528596
130000 139.801376921577 67.6403915765825 -924.517413612561 -1299.14990666174 374.632493049177 0.368653444920607
131000 149.543833988362 79.9404818693209 -890.519546334037 -1291.25937151201 400.739825177969 0.366905180821159
132000 143.110240980686 78.1902617922133 -898.3555351962 -1281.85495086746 383.499415671263 0.362257275093426
133000 137.106147592716 0.99504842136847 -945.800771247355 -1313.21072825973 367.409957012375 0.370017898250936
134000 140.088509139034 -49.9838418857322 -928.766129123803 -1304.16806422591 375.401935102105 0.365427567266644
135000 138.667789145379 -2.92266869316848 -914.628089346484 -1286.22285255323 371.594763206748 0.361275566754491
136000 144.667682866332 73.6732260023086 -879.490091693778 -1267.16305950914 387.672967815359 0.359201890815053
137000 144.887628639593 33.0567824816814 -896.584616156076 -1284.84698326912 388.262367113041 0.362810810077059
138000 145.620343631453 -64.2977965059207 -892.681863040007 -1282.90772185921 390.225858819199 0.358159975642241
139000 143.460585885462 134.552197508962 -945.356972657283 -1329.79522446874 384.438251811459 0.376849167006981
140000 148.314900827356 76.1035409622989 -911.031398807381 -1308.47799251627 397.446593708892 0.370304746906215
141000 134.32421637636 23.9272296631142 -936.295432095298 -1296.25051384089 359.955081745593 0.365882695595726
142000 136.206600114376 13.7644113549825 -893.871049142809 -1258.87044538785 364.99939624504 0.355810950597717
143000 140.946879827491 25.3712581269976 -915.9292583413 -1293.63141078073 377.70215243943 0.3644462872034
144000 136.571175397647 -58.6359378652141 -907.160332406722 -1273.13669862361 365.976366216893 0.357835883477062
145000 137.314685507212 -75.2011187423634 -943.154342961873 -1311.12312908254 367.968786120665 0.365053079433742
146000 141.183221595677 30.1624457122939 -914.315175468232 -1292.6506643438 378.335488875569 0.366142135784328
147000 138.711625737124 -58.2480666053132 -915.054400413567 -1286.76663464967 371.712234236102 0.360607724183831
148000 141.711959793499 -23.5985391376827 -882.514337409406 -1262.26671153734 379.752374127935 0.35480535785513
149000 139.147285277515 -24.2603170106327 -925.388390339475 -1298.26808245998 372.879692120505 0.364830492613064
150000 138.530863779463 78.2481529215725 -916.891983570932 -1288.11982127005 371.227837699115 0.366778418988433
151000 144.748204979794 17.5652855756577 -878.327417893288 -1266.21616470007 387.888746806784 0.357349435024387
152000 135.643656869418 18.8735191716958 -926.03041537231 -1289.5212654503 363.490850077986 0.363631354840002
153000 142.651551819334 -44.1863319395627 -894.967101371862 -1277.2373455726 382.270244200739 0.357780741993427
154000 134.351154815504 -116.760223772119 -929.55130294664 -1289.57857292698 360.027269980341 0.360811864591813
155000 136.765160864165 -23.485817929226 -894.085863910934 -1260.58206233933 366.496198428398 0.355283616848152
156000 138.331365290034 -29.4680575569663 -917.978762240199 -1288.67199421439 370.693231974193 0.362247426532035
157000 144.08160284676 65.0421102680746 -895.93643062142 -1282.03885153879 386.102420917373 0.362921332157943
158000 143.285622922397 43.3725410113482 -881.33515879942 -1265.30455391943 383.969395120005 0.358932071668425
159000 140.3754891049 -31.8017405331593 -876.479104963795 -1252.65007412289 376.170969159099 0.353185159403289
160000 137.597537479651 8.85498185891945 -955.332106469151 -1324.05886466371 368.72675819456 0.37168347932479
161000 141.505204097632 8.83716512084107 -892.918282267715 -1272.11660318458 379.198320916869 0.358480780267986
162000 137.260544430386 -104.594441020694 -897.82464041352 -1265.64834207912 367.823701665604 0.354249183346991
163000 138.201075535181 25.8133430531367 -924.665022549219 -1295.00911078281 370.344088233593 0.365192036069992
164000 137.321405407172 1.4474949891047 -929.741475162057 -1297.72826892278 367.986793760723 0.364945641306234
165000 139.993963879996 -36.7735018806966 -875.376058822706 -1250.52463643378 375.148577611075 0.351595034684562
166000 143.961172781402 22.9718713363146 -903.56709090912 -1289.34678957141 385.779698662295 0.364406936519179
167000 142.436492324258 -27.4856607617797 -902.890118025422 -1284.58405692382 381.693938898398 0.360611830735858
168000 142.025769893743 -14.2384127234352 -917.600024616708 -1298.19333080688 380.593306190174 0.364101548299557
169000 135.47988119762 25.1549605484954 -915.444696996493 -1278.49666950705 363.051972510557 0.362602949386516
170000 140.714264264473 50.8602891036425 -932.325364101898 -1309.40416539691 377.07880129501 0.369932076006762
171000 140.900268857839 -16.9236656598959 -902.529705545294 -1280.10695232107 377.577246775775 0.361302415284676
172000 141.207704346105 56.0058444559718 -886.696013131462 -1265.09710961428 378.401096482816 0.360039275537345
173000 135.659382579664 -21.6416234787102 -906.457076216886 -1269.99006723915 363.532991022261 0.359158998793397
174000 146.516710794572 80.4001645575603 -908.756829996933 -1301.38472713937 392.627897142435 0.369066277290561
175000 140.033064845397 25.5768737968969 -953.051405781826 -1328.30476413592 375.253358354092 0.372929906590043
176000 138.544670465201 -45.1641277267803 -915.620286856303 -1286.88512299715 371.264836140852 0.362325861451144
177000 132.657996120109 -13.953744549763 -933.25169023057 -1288.74172118544 355.490030954866 0.362082517502003
178000 136.071505562113 -20.2772867053939 -926.7696196757 -1291.40699653276 364.637376857062 0.364163065196639
179000 131.292523673672 -109.469232678791 -930.610521795025 -1282.44143037168 351.830908576655 0.357295075652975
180000 135.641397504083 -46.8072921659569 -949.501087484053 -1312.98588303177 363.484795547717 0.366625259500765
181000 135.009255847403 105.911885474981 -915.108726758977 -1276.89954181797 361.790815058991 0.364783568884751
182000 146.807969905173 33.0701399598377 -895.481067210799 -1288.88946544078 393.408398229981 0.363471562555532
183000 128.234384090359 18.4454868085617 -949.990445217056 -1293.6263096431 343.63586442604 0.366020945489738
184000 132.85404873692 -3.84542111168584 -914.117967427891 -1270.13337003661 356.015402608722 0.358520139676476
185000 144.893358928789 -17.1102784688343 -873.994320839583 -1262.27204368498 388.277722845399 0.356282033192459
186000 135.726816386055 50.1230577148345 -922.184098859085 -1285.897795505 363.713696645913 0.365926907704886
187000 144.969919565964 -87.4858601916678 -895.876673440016 -1284.35955951775 388.482886077736 0.359055599315478
188000 140.897759534588 -46.6439463086583 -896.369144105847 -1273.93966652707 377.570522421221 0.358765300878961
189000 140.818429276486 -105.140729230667 -910.454276057338 -1287.81221335943 377.357937302095 0.359657616900474
190000 134.622410191487 75.784418136696 -920.2728968108 -1281.02706290615 360.754166095353 0.365523248809608
191000 138.237939324312 28.3872133522613 -907.356198774645 -1277.79907268209 370.44287390745 0.360775040615072
192000 145.853977840204 47.6998837723141 -899.813004396599 -1290.66494407432 390.851939677724 0.364533486709158
193000 136.436252257749 -73.9307146582851 -920.360081985327 -1285.97488815622 365.614806170896 0.360092065523256
194000 138.253781765244 18.2503879125339 -894.223876795474 -1264.70920445605 370.485327660574 0.358930989481398
195000 145.42907729736 -38.0224858795602 -899.692691370669 -1289.40600456868 389.713313198007 0.361761697328857
196000 136.192511528728 -8.26813452030527 -887.316392414665 -1252.27803479718 364.961642382515 0.356140740969217
197000 143.123337067379 61.5325444594666 -892.865746692731 -1276.40025657919 383.534509886462 0.361729004844241
198000 142.575111505261 -106.030660371313 -916.857249977284 -1298.92265338131 382.065403404022 0.361643151735283
199000 137.982323367248 93.8451447611237 -917.978476002311 -1287.73636349999 369.757887497683 0.365169883377761
200000 141.676528857841 -48.5959800771939 -922.398252067333 -1302.05568020798 379.657428140642 0.363551220371903
