step temp press etotal pe ke density
201000 136.670575341954 -33.2385124827918 -909.789754567994 -1276.0324876102 366.242733042203 0.358806251098463
202000 139.149486281685 12.5638173375627 -929.769198554777 -1302.65478881232 372.885590257544 0.365933389683856
203000 135.732308180692 -86.8536577479615 -894.236876837325 -1257.96529011022 363.728413272899 0.354386680629519
204000 137.960779260514 1.09801078983528 -888.548225523928 -1258.24838023962 369.700154715688 0.355512059636323
205000 142.0703788681 161.938592927437 -899.654868301747 -1280.36771531222 380.712847010468 0.364099931095781
206000 140.91872896835 -47.0232960158245 -919.987207010575 -1297.61392223491 377.626715224332 0.363423307679756
207000 142.82738372458 114.406325063669 -918.061153945562 -1300.80258338403 382.741429438468 0.370101547579204
208000 139.908976145724 82.811052120782 -914.6442352772 -1289.56506715737 374.920831880167 0.365103500994049
209000 142.991660579599 5.56928295088285 -893.000826901178 -1276.18247695193 383.18165005075 0.359415577143707
210000 142.401786639543 22.4854498382234 -867.02416538594 -1248.62510178698 381.600936401042 0.353879263745932
211000 143.997440949329 73.7577010615165 -926.907744542066 -1312.78463276335 385.876888221282 0.3711074251998
212000 137.366008681665 -78.087538078657 -935.923893582495 -1304.03021288931 368.106319306818 0.366002732725826
213000 143.88196037302 49.7445555621288 -881.84196047782 -1267.40938982856 385.567429350745 0.359643347799364
214000 134.528857751661 -38.7185770364193 -930.881411969031 -1291.38488107888 360.503469109853 0.36182845412071
215000 135.580493063261 24.6467870768455 -931.426983097072 -1294.748570077 363.321586979925 0.365289683067198
216000 145.180209690113 71.004082318254 -885.52656964613 -1274.57298031288 389.04641066675 0.360964990028678
217000 140.575580353277 44.1598252507185 -904.652032312392 -1281.35919564116 376.707163328765 0.363375239376062
218000 148.647240675724 23.9020681863086 -896.948363556054 -1295.28554438701 398.337180830959 0.36549329661193
219000 138.971029117183 -17.7813584951697 -915.226544024112 -1287.63391401007 372.407369985957 0.360939544345131
220000 144.585299312053 -114.227617638404 -873.749567812264 -1261.20176844346 387.452200631191 0.352581542548538
221000 139.928257674018 65.9415619682772 -930.129614595711 -1305.10211611729 374.972501521578 0.370595882987556
222000 142.044750328006 39.2180722888613 -907.400977216957 -1288.04514619234 380.644168975387 0.362577932491154
223000 139.479545996497 75.9065357883501 -908.883194419328 -1282.65326161507 373.77006719574 0.364529175951567
224000 142.588741039911 30.2787396105071 -879.322840047046 -1261.42476717249 382.101927125444 0.354191614273543
225000 140.711772085091 20.3990716402857 -905.141857232703 -1282.21398011441 377.07212288171 0.362236029634634
226000 142.801742967468 92.5861604666792 -927.092509219624 -1309.76522788448 382.672718664855 0.371446337422011
227000 149.916786631557 -17.6015785559045 -879.372481219205 -1281.1117255845 401.739244365291 0.359976931216555
228000 134.149211400124 -24.4428243615984 -933.346831725059 -1292.83294419448 359.486112469418 0.364332248057006
229000 140.124855506502 63.5664461476534 -941.96161965527 -1317.46095387144 375.499334216174 0.372077739396026
230000 137.923967222394 -62.4010994792679 -904.888910509648 -1274.49041823116 369.601507721511 0.358503739265973
231000 138.12796222502 15.1329651449475 -923.269713413416 -1293.41787638315 370.148162969739 0.364417570779389
232000 142.122395911134 41.1320538345604 -902.152967198263 -1283.00520678799 380.852239589728 0.363397833520596
233000 138.738953815558 58.2362307571982 -911.125348197404 -1282.91081480346 371.785466606052 0.363480831841048
234000 139.917716791765 31.5438354944987 -870.816332461914 -1245.76058707288 374.944254610965 0.354896312490607
235000 136.857036072372 119.279161438488 -953.467058772627 -1320.20945962805 366.742400855427 0.373655872754899
236000 137.813640524628 -28.5432464466891 -910.127669915852 -1279.43352986376 369.305859947906 0.358525551497563
237000 138.952276060013 38.9332112016419 -877.888504180693 -1250.2456206948 372.357116514105 0.354748556051074
238000 141.454286282879 -12.1299367058113 -897.193945704858 -1276.25581969751 379.061873992656 0.360630631040631
239000 142.590785351174 74.6464629990833 -911.8142628541 -1293.92166821904 382.107405364943 0.366803900105631
240000 141.392168673972 -14.0362994389062 -913.420039576638 -1292.31545401647 378.895414439828 0.362997072872144
241000 137.769413206188 35.1689976542361 -917.01084262131 -1286.19818449069 369.18734186938 0.363669545704216
242000 136.769982713187 3.0011023769924 -924.299945002551 -1290.80906477236 366.509119769805 0.361678840758093
243000 137.124683088587 18.9550254736166 -907.191148460934 -1274.65077593565 367.459627474718 0.361711515640199
244000 139.588396954067 -74.4838725070068 -934.26394448786 -1308.32570484502 374.061760357161 0.36636985221439
245000 136.16122125068 -74.6232326448188 -943.112092514233 -1307.98988482938 364.877792315147 0.364857522711934
246000 141.987227216812 75.0955139091983 -964.603676101418 -1345.09369762111 380.490021519697 0.378637447155532
247000 141.423213481746 88.0965063894213 -929.883802200206 -1308.86240890887 378.978606708667 0.369864237683942
248000 141.032975372952 89.9842078018372 -903.137420007467 -1281.07028683288 377.932866825415 0.364709019484809
249000 139.308883506415 -36.3607514286746 -887.332615568179 -1260.64535025735 373.31273468917 0.355361013014829
250000 132.548469176635 -67.4858020367513 -960.70743063851 -1315.90395695992 355.196526321412 0.367541525472835
251000 140.366978744115 54.9608456695333 -925.214386720232 -1301.36255025504 376.148163534807 0.367650154768657
252000 142.697552667573 97.4362677504417 -906.008622176317 -1288.40213706893 382.393514892613 0.365221584250564
253000 134.70859497002 -34.7340852632575 -955.336606553565 -1316.32172615707 360.985119603506 0.368787341346307
254000 143.279403008528 99.1207258123956 -879.024472538648 -1262.97719985544 383.952727316792 0.358577418892726
255000 137.795613100182 3.52086509412733 -897.046524495044 -1266.30407548411 369.257550989066 0.358227938617713
256000 143.801451909826 66.7616441165623 -869.883179674611 -1255.23486661321 385.351686938603 0.356144252884042
257000 137.190468801548 -48.8810057972792 -932.588687211963 -1300.22460383487 367.63591662291 0.365283633148204
258000 145.506640372144 130.078093697289 -908.312126315424 -1298.23328902618 389.921162710756 0.369084539640773
259000 139.507779014351 -35.621358586882 -926.495386202089 -1300.34111077759 373.845724575503 0.364237504756902
260000 140.571828730653 -26.8515386279964 -903.303855990707 -1280.00096591537 376.697109924662 0.360752930879854
261000 142.927114828267 28.8797211493111 -924.955951959604 -1307.96463564715 383.008683687544 0.36890168371403
262000 147.301009495819 -34.5324669722274 -890.165752746873 -1284.89537294965 394.729620202773 0.360700488233775
263000 138.484031669431 -103.775313608817 -926.037210434207 -1297.13954986912 371.102339434917 0.361556161732369
264000 141.738231981084 4.93602660464242 -887.700193089505 -1267.52297006575 379.822776976242 0.358012158186059
265000 142.581925750817 -111.446971473296 -912.283487073911 -1294.36715094043 382.083663866524 0.361090377095698
266000 139.938201311531 23.4866866340828 -938.309984091306 -1313.30913205796 374.999147966654 0.369147944812923
267000 146.277062194665 71.3767199836949 -903.000207591115 -1294.98590682094 391.985699229826 0.368207938797623
268000 138.781777374614 23.5637043961758 -912.423917698722 -1284.32414066157 371.900222962846 0.363055414979828
269000 141.31438473012 121.365867789667 -897.693942039485 -1276.38091509307 378.686973053584 0.364422714006869
270000 143.219525616743 43.116272542695 -869.783013489019 -1253.57528447086 383.792270981845 0.354572375147766
271000 149.247871060199 140.035222142131 -894.660943084203 -1294.60766212782 399.946719043613 0.368245878986602
272000 137.27440901999 8.31180440642641 -920.722137443961 -1288.58299271908 367.860855275122 0.364626395718893
273000 144.124665611645 86.4304432935044 -934.279001706965 -1320.49681999253 386.217818285564 0.372420141185476
274000 139.431057904561 17.0377517344953 -907.101255467692 -1280.74138678465 373.640131316958 0.361261367997606
275000 147.424188282935 16.9416854528705 -885.891735920969 -1280.9514442611 395.059708340132 0.360552370416012
276000 142.475589196597 -17.9154013244565 -911.416631676688 -1293.21534034973 381.798708673043 0.364145499808804
277000 142.33592117101 127.191513014137 -894.786510072497 -1276.21094360049 381.424433527996 0.36380529458081
278000 135.486600789724 68.5170332340629 -960.969884953053 -1324.03986427869 363.069979325639 0.372803743275574
279000 144.704507867147 94.4145603676352 -863.594509061908 -1251.3661586082 387.771649546297 0.356523766459279
280000 137.51080095774 2.58219546062099 -902.731251112834 -1271.2255772659 368.494326153065 0.358064350614925
281000 137.145504915078 -17.8519744511973 -939.98443511498 -1307.49985984249 367.515424727507 0.365437907279868
282000 135.379715656484 -91.6938618524191 -930.302090745239 -1293.08564482373 362.783554078495 0.361250632639268
283000 140.305719254993 53.1903996716852 -895.344326910652 -1271.32833043761 375.984003526957 0.360888359244087
284000 137.418137776876 -31.8608961927851 -922.297203235764 -1290.54321539346 368.246012157699 0.362688512424696
285000 138.198292812679 48.6941885338676 -905.874282152211 -1276.21091339009 370.336631237881 0.361139472570779
286000 136.71997665717 109.499554728175 -878.81418784943 -1245.18930397889 366.375116129456 0.357414550217862
287000 144.255336458081 36.6515531555363 -923.34110374541 -1309.90908700107 386.567983255661 0.367572813646486
288000 137.661066782903 42.2472694497593 -917.888513001558 -1286.78551373438 368.897000732818 0.363945734173951
289000 139.606165676831 -95.985526605223 -901.369873542385 -1275.47924960301 374.109376060625 0.357031937210708
290000 136.279385248869 24.9946299565782 -908.753796366717 -1273.94823844744 365.194442080728 0.360196095547332
291000 146.947690169119 39.6898619739045 -912.722254534963 -1306.50506789564 393.782813360675 0.367064658647882
292000 138.709307667814 1.86404750427118 -928.512591037284 -1300.21861343125 371.706022393962 0.366562593178732
293000 140.672957416081 -56.2818750766568 -881.743658538187 -1258.71176787913 376.968109340941 0.353455619145012
294000 142.805867553799 66.1334233990075 -918.546968547856 -1301.23074006565 382.683771517796 0.367726776015134
295000 138.627820398377 6.48105043984191 -895.734050224135 -1267.22170725165 371.487657027516 0.357949963738142
296000 138.80080535037 122.433750871589 -923.241872976963 -1295.19308612425 371.951213147291 0.367889616778542
297000 137.028926060136 -105.04303259896 -922.370725364811 -1289.57374811156 367.203022746745 0.358536187620251
298000 142.444714582084 32.7814282597371 -886.08777383196 -1267.80374631126 381.715972479297 0.358313836775098
299000 142.098089806297 -5.34403999353402 -892.665136089271 -1273.45224143746 380.787105348192 0.35863391774958
300000 139.535727018868 87.5488555945057 -915.260069676579 -1289.18068786786 373.920618191276 0.365594620590515
