step temp press etotal pe ke density
101000 137.569440916748 98.1064175286166 -937.154029757928 -1305.80549623764 368.651466479714 0.369660639657838
102000 140.280249280038 56.5353868527551 -945.940038260318 -1321.85578866684 375.915750406527 0.374159116771443
103000 147.516239516746 23.8563835986912 -868.538103456738 -1263.8444859282 395.306382471461 0.357392434095091
104000 134.987601966292 2.2915192156377 -954.821165678429 -1316.55395378773 361.732788109305 0.368843660036167
105000 133.558797972572 -54.0477623339505 -908.175242892609 -1266.07919602165 357.903953129044 0.355914780928444
106000 140.508487448666 -40.822460511385 -894.931549567094 -1271.45892080315 376.527371236057 0.357932021699604
107000 135.521478756482 -36.7257300081935 -932.017704509182 -1295.18114800468 363.163443495495 0.363511005116669
108000 135.955999845764 -43.2556631340927 -917.281688019634 -1281.60953863718 364.327850617549 0.360715261525592
109000 142.502255174257 19.4605539205595 -932.951462222603 -1314.82162900221 381.870166779611 0.370954367934742
110000 137.519886596124 36.077944222559 -916.501168074792 -1285.01984145128 368.518673376486 0.361993792138433
111000 135.796502882779 -48.9127480504424 -910.485369128568 -1274.38580804108 363.90043891251 0.356692513049419
112000 139.731696455492 84.0571429962082 -921.580880875342 -1296.02664781852 374.445766943174 0.368207913351732
113000 134.094008677114 -41.0022477040266 -923.609706857479 -1282.94788992735 359.338183069867 0.359142476990429
114000 140.949657026924 -17.3611071043275 -921.08237921118 -1298.79197384589 377.709594634708 0.364743235157905
115000 136.247704257861 -17.3484255560383 -901.969704564955 -1267.07924956595 365.109545000993 0.357574610907009
116000 139.099920030407 -49.4461967559452 -860.6188371815 -1233.37160236467 372.75276518317 0.347582267637315
117000 142.086856289251 5.81826468606698 -908.275062622185 -1289.0320649729 380.757002350716 0.363077702571782
118000 148.384233548218 74.5295639403801 -891.592525443348 -1289.2249133886 397.632387945247 0.364976667619503
119000 138.402630253141 44.2375080807744 -922.922507290239 -1293.80671142353 370.884204133293 0.366630693717729
120000 143.131152106941 -3.87136272057184 -912.484060672203 -1296.03951289714 383.555452224935 0.36409111853845
121000 138.73985232125 44.0406308673573 -911.763117938682 -1283.55099231377 371.787874375092 0.363242912536697
122000 140.735611639256 23.0761316732988 -922.903778768299 -1300.0397856532 377.136006884905 0.367589778297629
123000 140.208379416047 -59.5758870452918 -918.925076594814 -1294.64823386017 375.723157265352 0.362241554112321
124000 138.100088776842 8.05524925498864 -925.855640081203 -1295.92910922738 370.07346914618 0.366739654580296
125000 147.78749419154 -13.6554098315479 -869.305005349785 -1265.33828205725 396.033276707461 0.356304901540449
126000 137.846980062494 -62.2795141722013 -890.201114486766 -1259.59631600242 369.395201515657 0.353687877712283
127000 136.709215233921 75.8849159307484 -909.88943553564 -1276.23571376014 366.3462782245 0.362141035010864
128000 140.711307501291 92.3455926865922 -911.792368425364 -1288.86324633945 377.07087791409 0.366090694695632
129000 134.436306523483 14.5007870951496 -886.110171098494 -1246.36562621799 360.2554551195 0.353208284473947
130000 144.300875387887 -12.0581921667699 -890.034971312903 -1276.72498743533 386.69001612243 0.359177714291596
131000 133.192612561811 -72.4051093192282 -932.016989520543 -1288.93965794143 356.922668420892 0.362591020652485
132000 139.183103623264 24.3294062666695 -901.340034516559 -1274.31571078586 372.975676269304 0.360326004148218
133000 143.180642275099 -20.0029188923136 -906.691674636228 -1290.37974805193 383.688073415703 0.362725325063027
134000 136.565692223516 -94.0389012820583 -902.599129586212 -1268.5608022769 365.961672690692 0.355569581021063
135000 141.573911404037 61.5270185999932 -924.032230567493 -1303.41466976743 379.382439199935 0.367340776209278
136000 134.867077419846 -28.1889971064902 -947.375289842201 -1308.7851025109 361.409812668698 0.366511022833139
137000 141.077510823903 -25.7118373087563 -896.389280483765 -1274.44149110526 378.052210621494 0.358043422143936
138000 137.549252018117 19.7524712822104 -926.954686670242 -1295.55205198448 368.597365314241 0.365644960192118
139000 148.709361075812 16.2734704664513 -885.00865358101 -1283.51230144446 398.503647863449 0.359434393459653
140000 135.257260224027 64.0311957466965 -903.507025607679 -1265.96242995719 362.455404349509 0.359263557100087
141000 138.696208835334 -1.16305320948945 -891.674810125036 -1263.34573094578 371.670920820744 0.357595989684691
142000 133.853783557594 -9.40196434967346 -943.245424714221 -1301.93986494406 358.694440229841 0.36612982064722
143000 140.925655696415 59.6087852652517 -915.047896701577 -1292.69317381322 377.64527711164 0.36775596074594
144000 142.884838728679 -17.7423223431556 -886.404483827896 -1269.29987821219 382.895394384294 0.356275158240216
145000 130.686140684446 -38.6863682470153 -927.324467536885 -1277.53042236846 350.205954831573 0.358865591625237
146000 142.649318546805 120.390163436958 -942.705390251024 -1324.96964984365 382.264259592621 0.375442944183673
147000 139.566071262289 83.3718728017399 -891.260468264023 -1265.26240138805 374.001933124025 0.359807614978452
148000 138.197887860824 76.7337349154636 -957.611570229907 -1327.94711629877 370.33554606886 0.374829255865185
149000 143.247063291682 -52.7812060993259 -901.817889345933 -1285.68395436359 383.866065017654 0.359796922569341
150000 139.70910068272 66.7747742533245 -891.346955646641 -1265.73217160761 374.385215960971 0.360827254036992
151000 144.029901161072 -11.7376373077777 -901.971864277958 -1287.93573769436 385.963873416407 0.361528601888142
152000 136.588863180187 72.6346903689175 -926.499535131983 -1292.52330015291 366.023765020932 0.367647424480985
153000 144.733900912255 -58.0070878020047 -884.990715799666 -1272.84113130671 387.850415507042 0.357412153293876
154000 138.549808940285 97.0826299797497 -950.723196704235 -1322.00180266462 371.278605960387 0.373741433259825
155000 147.042512271754 -15.7552184288227 -868.400621369913 -1262.43753409276 394.036912722847 0.355374624279048
156000 137.174584966909 25.5008529607662 -915.654880734206 -1283.24823267928 367.593351945073 0.362293135223284
157000 140.849649029437 56.4208643077803 -901.34535207823 -1278.78695045819 377.441598379961 0.361923044788541
158000 141.839632391085 42.1045834320047 -921.04585332906 -1301.14035787503 380.094504545968 0.366614779384154
159000 142.253986100608 -39.56519847994 -897.09144562407 -1278.29631379178 381.204868167707 0.360275211532119
160000 141.340881639076 44.5157008988419 -922.844077079839 -1301.60205517843 378.757978098592 0.365836851075431
161000 141.007582781153 24.6841682187397 -901.741970693521 -1279.60679176588 377.864821072362 0.362542034938944
162000 136.245669754232 44.8314291271966 -913.919351956134 -1279.02344499962 365.104093043483 0.363820044160826
163000 139.63748349152 -0.186278060053388 -943.309187649789 -1317.50248756905 374.19329991926 0.370064678311578
164000 142.818074865697 8.63977509061104 -868.785538182778 -1251.50202222309 382.716484040308 0.353044013486624
165000 143.895559061211 88.2881601049858 -915.099241468498 -1300.70311187992 385.603870411424 0.369029402075316
166000 137.040085220539 52.4498410134441 -882.092117487862 -1249.325043975 367.232926487138 0.354863702111199
167000 145.328318286859 30.5978259585732 -907.661053231706 -1297.10435764917 389.443304417461 0.367037506819457
168000 144.510870463215 15.6382687291899 -870.868606888289 -1258.12135694318 387.25275005489 0.356021501580507
169000 138.495839552268 53.9396433325947 -926.950025777811 -1298.08400736592 371.133981588108 0.366302331051818
170000 135.989405602871 3.90190252750299 -950.970694384722 -1315.38806402092 364.417369636193 0.370250633795507
171000 134.470341297425 -84.3975518410265 -867.128162424617 -1227.47482216952 360.346659744898 0.346518868750134
172000 139.811385077456 5.65433246248841 -914.980206487611 -1289.63951887484 374.659312387228 0.363584935208598
173000 141.16642773906 44.1192453250153 -909.412952589082 -1287.70343815703 378.290485567943 0.365190411734806
174000 143.526898895323 44.4283165512075 -892.572874735047 -1277.18882871764 384.615953982589 0.362003352308733
175000 133.240950062559 -6.94704393676299 -899.957283721632 -1257.00948447484 357.052200753203 0.355941330959692
176000 136.706991805568 31.0343204226288 -942.55224937569 -1308.89256937198 366.340319996294 0.368853315585186
177000 132.623365831127 -104.21237867298 -953.376068813865 -1308.77329931296 355.397230499092 0.365757923734373
178000 135.184963022296 -92.0830686796029 -908.019220348974 -1270.28088639975 362.261666050778 0.355773537044892
179000 135.435089036177 58.244802480875 -918.960067002185 -1281.89200779718 362.931940794991 0.365679754268528
180000 136.926693483371 30.4738058063726 -907.101757694501 -1274.0308228741 366.929065179602 0.360272458663212
181000 134.474311335925 -13.9995922261479 -871.216818217958 -1231.57411666652 360.357298448562 0.348049251028919
182000 142.879924280526 7.95729368088837 -899.767979573725 -1282.65020447425 382.882224900528 0.362516743189326
183000 132.623429561293 -67.871012769618 -922.322896135614 -1277.7202974155 355.39740127989 0.359268196515834
184000 142.262694531508 -59.8049341724772 -891.104725236106 -1272.33292980615 381.22820457004 0.358645104792179
185000 138.674813788307 -0.137714707884801 -902.014933668986 -1273.62852115022 371.613587481236 0.361394242466206
186000 138.55944600055 56.9239232713688 -910.80529272388 -1282.1097235795 371.304430855624 0.363292789277737
187000 135.113490131923 -43.9799532304258 -911.466648006655 -1273.53678470561 362.070136698955 0.358818023367308
188000 137.721403586613 77.7160948173007 -884.236524431949 -1253.29521260801 369.058688176063 0.355812073289623
189000 140.045293236782 15.0510865077754 -926.459194867838 -1301.74532223216 375.286127364323 0.364639100505234
190000 148.346187738073 77.8870035288441 -888.824020454318 -1286.35445520698 397.530434752662 0.364117326692691
191000 145.91906886316 -1.54581491700229 -898.328483394228 -1289.35485062583 391.0263672316 0.36066520028527
192000 139.986299738508 -18.3260826587168 -891.054778079461 -1266.18281772091 375.128039641448 0.356955428964253
193000 139.807642290867 17.5106230171851 -901.558147931859 -1276.20743059333 374.649282661472 0.36130618196881
194000 144.235686654218 -32.8112745959281 -890.007857940577 -1276.52318466902 386.515326728442 0.358826943394482
195000 150.192201116141 35.0587692518596 -895.980062267978 -1298.45734811221 402.477285844234 0.367110608592496
196000 141.238360750972 -3.38913116622056 -918.339890779449 -1296.8231387091 378.483247929649 0.364095606663125
197000 136.974442939084 -39.7419817731528 -932.415682986083 -1299.47270468535 367.057021699269 0.362979334766957
198000 143.368818435893 40.0687414879655 -891.633563206746 -1275.8259013572 384.19233815045 0.361637314010743
199000 137.803493764522 31.0953498064744 -924.151601838309 -1293.43027102373 369.278669185422 0.365286632181417
200000 141.615846641618 15.2309820083211 -875.124262528342 -1254.61907760717 379.494815078825 0.355646684475193
