step temp press etotal pe ke density
101000 140.317097154714 84.8557189707276 -912.707147952824 -1288.72164138648 376.014493433651 0.366450891597916
102000 136.958317009296 88.0567309282196 -919.08888640903 -1286.10269467641 367.013808267384 0.365637912372658
103000 138.773629308489 -28.9000817591885 -921.416069217019 -1293.29445741405 371.878388197028 0.364802384190174
104000 138.093035212868 -31.4052579156321 -936.628070478057 -1306.68263784863 370.054567370571 0.367453386060043
105000 138.221441717524 -50.6390824535596 -923.036182205955 -1293.43484668074 370.39866447478 0.361183635425651
106000 136.684344826013 84.3421996670999 -897.17573613851 -1263.45536793132 366.279631792806 0.359935263832833
107000 138.998076005692 17.1589417345783 -954.755806991598 -1327.2356558293 372.479848837698 0.373015632102322
108000 143.469208524727 -41.8580340599724 -906.188048647051 -1290.64940696086 384.46135831381 0.361645348963213
109000 138.778924491056 -21.6531223309513 -896.809722257173 -1268.70230021034 371.892577953166 0.358904449310565
110000 141.695239666432 44.5562539505787 -941.178459606292 -1320.88602800323 379.707568396938 0.371882817483806
111000 138.77559747054 62.792629632994 -917.385378294277 -1289.26904067009 371.883662375812 0.365295228480169
112000 137.026331738683 -8.4645329429024 -941.346106860985 -1308.54217747939 367.196070618408 0.368491135886144
113000 145.487119140527 72.4666883352571 -907.353242463938 -1297.22209318873 389.868850724788 0.366884081969353
114000 137.572336130061 26.0471268316113 -956.990529164921 -1325.6497540874 368.659224922479 0.374324895696479
115000 148.230808829439 -25.2286034827947 -860.015687407544 -1257.23693573345 397.221248325901 0.354594938064846
116000 142.782603110589 -22.7875770714418 -901.941713463561 -1284.56314213073 382.621428667168 0.361924907633461
117000 140.095716644167 -26.9886513390244 -867.813298037697 -1243.23454743896 375.421249401262 0.351277693525039
118000 140.669004570058 -45.9142455555587 -889.505845821762 -1266.46336253055 376.957516708787 0.356312786001152
119000 137.816361531944 -8.66667372885447 -913.728921856559 -1283.04207341902 369.313151562458 0.361732240081775
120000 135.721791347489 31.3236016920225 -924.094132567952 -1287.79436337564 363.700230807687 0.364849573377807
121000 134.226669629438 -121.252389189607 -928.403517651244 -1288.09719867395 359.693681022704 0.359681869963465
122000 140.53364630725 -29.2949716036263 -897.601502564186 -1274.19629320713 376.594790642942 0.358275097795239
123000 141.47475349401 91.483933589292 -922.154340460899 -1301.27106142646 379.116720965559 0.367339136009063
124000 135.807649514882 71.8250034500833 -939.699876723171 -1303.63018580338 363.930309080213 0.368881233100607
125000 138.975665053466 -13.5825964914072 -881.670040845264 -1254.08983397329 372.419793128029 0.353292618723314
126000 134.766666756862 -80.8525625862367 -913.550527270185 -1274.69126464198 361.140737371795 0.358767448354353
127000 146.892159776619 49.3342909356331 -931.722987206195 -1325.35699309558 393.634005889388 0.37453709451466
128000 139.117781876342 -7.7089229775339 -903.719262107066 -1276.51989254035 372.800630433287 0.360343550217741
129000 141.703918012067 22.0078177560563 -931.570600382764 -1311.3014245611 379.730824178335 0.370122830315254
130000 139.688708601506 50.1866886743531 -917.206879061868 -1291.5374493792 374.33057031733 0.366483395799514
131000 141.257624101098 -15.1221345935055 -916.363691327464 -1294.89856018561 378.534868858148 0.364836783121615
132000 139.303270221576 -46.4533071682085 -916.710999681682 -1290.00869218071 373.297692499032 0.360949696070093
133000 141.610326257147 -18.921142114427 -891.309122076721 -1270.789143915 379.480021838283 0.357715036098712
134000 135.325089162884 44.0418572525994 -910.214319526788 -1272.85148835548 362.637168828689 0.359433491197835
135000 140.446699230909 -101.509588122632 -911.85657697083 -1288.21837133941 376.361794368581 0.359045891905018
136000 138.776784606106 0.523679717063146 -892.011518642669 -1263.89836224292 371.886843600249 0.357523861992232
137000 139.938162702319 32.7266729279261 -932.37816833985 -1307.37721284353 374.999044503685 0.367946203628007
138000 136.643005745887 -21.2985349293858 -935.910009281049 -1302.07886274685 366.168853465804 0.365998898114767
139000 141.072783893153 7.4068790860351 -902.140193030568 -1280.17973666773 378.039543637159 0.361252049923707
140000 146.618089217021 71.3585327115505 -856.203785464221 -1249.10335125528 392.899565791055 0.355463221132382
141000 140.955285514946 -26.754141307335 -927.295086440233 -1305.01976400578 377.724677565549 0.366111705662084
142000 144.379467748885 19.9998145845872 -922.210151745632 -1309.11077560873 386.900623863096 0.36849235337486
143000 138.841250467119 31.9394989877415 -903.292565302764 -1275.35216118028 372.059595877513 0.360832764896601
144000 136.442175160107 92.5104538269516 -927.186754193186 -1292.81743225122 365.630678058034 0.367704031925264
145000 142.55239702933 -7.44137540131435 -907.486191225499 -1289.49072555274 382.00453432724 0.36189931489961
146000 139.771305420588 1.89259402494253 -885.942280612068 -1260.49418960954 374.551908997477 0.354918341704997
147000 138.256693178157 -37.9139990576924 -904.742661710462 -1275.23579122465 370.493129514189 0.359269749752948
148000 143.610670116485 -15.1214416106705 -897.623054292796 -1282.46349405743 384.840439764636 0.36222256658582
149000 143.330924759754 18.245179844871 -887.192287192491 -1271.28307983119 384.090792638702 0.361053334922913
150000 141.002356477733 -115.162941138971 -901.09171084632 -1278.94252674131 377.850815894995 0.356347593888988
151000 141.596026985318 -71.3363902183942 -913.803416551827 -1293.24511994167 379.441703389839 0.361549752924932
152000 139.511599231517 78.9073208123678 -902.908794049677 -1276.76475584539 373.855961795711 0.363115304447379
153000 139.216198670755 -13.4337763066107 -938.815628106461 -1311.87999077086 373.064362664404 0.36831307457372
154000 144.140649456351 113.37001408299 -912.405773541451 -1298.66642450665 386.260650965203 0.368984326578442
155000 143.497227506559 53.3726743487491 -910.042555486286 -1294.57899761721 384.53644213092 0.366712380333235
156000 134.423882116027 -20.5920049184577 -922.73736998958 -1282.95953082513 360.222160835549 0.360782108822763
157000 134.736088627659 -15.6808853958517 -910.987338523601 -1272.04613420764 361.058795684035 0.359615751520478
158000 144.80227008548 48.9935968182043 -884.701614689864 -1272.73524236818 388.033627678318 0.359254254295586
159000 142.080995486673 -16.0367264610342 -877.94779186627 -1258.68908874162 380.741296875352 0.35503452854515
160000 142.192574563301 41.7672891556206 -894.474761344738 -1275.51506205374 381.040300709001 0.361822838438655
161000 136.242427872055 -65.3241797963834 -926.925911003494 -1292.02131661894 365.095405615442 0.361011293189708
162000 139.254496074173 43.9487745530976 -929.061121910858 -1302.22811197448 373.166990063617 0.36624425028411
163000 139.854230121741 12.479760195861 -933.523865126005 -1308.29799144503 374.774126319027 0.368595160516157
164000 145.206867623331 -55.4284870677303 -889.432535508769 -1278.55038272501 389.11784721624 0.358065208686797
165000 133.166647598864 -10.9232552179024 -928.24379325654 -1285.0968821138 356.853088857264 0.360481321398613
166000 141.856236166657 41.5583762957316 -918.905920258025 -1299.04491874227 380.13899848425 0.366293982748656
167000 142.984356154548 127.863628156987 -880.448047731869 -1263.61012376248 383.162076030613 0.359996670927047
168000 147.551973167884 -14.3949196589735 -863.884090981158 -1259.28623064118 395.402139660027 0.355159476906335
169000 135.662433710415 73.399979858384 -933.366589065562 -1296.90775635007 363.541167284505 0.368496577051942
170000 136.860626560609 -86.8672265698692 -915.546445216024 -1282.29846767597 366.752022459944 0.358186128027599
171000 138.431519104211 -73.6461232897705 -912.946678872457 -1283.90829785341 370.961618980955 0.359776640721914
172000 138.543882896908 -18.5265039077569 -913.09832001169 -1284.3610456678 371.262725656109 0.361460421423728
173000 148.020537031439 105.628619267315 -914.968351170216 -1311.62612401657 396.657772846351 0.371624339554383
174000 139.802308851611 0.969693897114776 -903.593177848579 -1278.22816823562 374.634990387038 0.3608062255848
175000 142.42793174285 15.9194418562999 -879.724211946458 -1261.39521064194 381.670998695482 0.356178899039966
176000 134.883168793019 39.0077905174538 -935.633978577226 -1297.08691207478 361.452933497557 0.365251451723346
177000 139.111065916011 118.835338819593 -926.484317897939 -1299.26695124838 372.782633350443 0.368923416553204
178000 140.91146152906 91.3101800083454 -879.284738509189 -1256.89197882591 377.607240316725 0.358111552958836
179000 137.987570295621 -23.6525588608255 -949.32657105057 -1319.0985189953 369.771947944728 0.369558404486102
180000 140.590871202331 -1.01842092062043 -929.136745300371 -1305.8848842549 376.74813895453 0.366192836731399
181000 139.871942121575 86.9524061421629 -922.801800587416 -1297.62339060674 374.82159001932 0.367524629059311
182000 135.660437737337 52.0971014929919 -881.252901916089 -1244.78872049526 363.535818579174 0.355073031522109
183000 137.85826932391 33.5253475252599 -898.029072813078 -1267.45452670709 369.425453894008 0.360072511142079
184000 142.565928807481 21.5875990545052 -892.090078434864 -1274.13087452072 382.040796085855 0.36029266443115
185000 142.808437748032 19.0074987031189 -868.337600174731 -1251.02825916599 382.690658991255 0.35496305610919
186000 133.177208184255 -29.1747488089596 -924.576944276729 -1281.45833284405 356.881388567325 0.360166587280418
187000 141.32105654097 75.9298364422248 -931.287309385251 -1309.99216121219 378.704851826935 0.371122568471764
188000 136.115011937984 -75.015092346334 -940.002298661408 -1304.75626165242 364.75396299101 0.364969287657159
189000 142.969645812818 -17.2174318272042 -865.112336772994 -1248.23499279132 383.122656018326 0.351317968795548
190000 138.105425488596 -94.75063765708 -882.436311394873 -1252.52408158496 370.087770190085 0.351518507655189
191000 139.476998358739 2.76791296315916 -899.273776045758 -1273.03701621371 373.763240167956 0.36004681539702
192000 144.263597810702 96.3980584914955 -915.584179342697 -1302.17430094346 386.590121600766 0.369268808935283
193000 141.554206214319 29.3263067636828 -887.729014640245 -1267.05864889281 379.329634252569 0.359496089464379
194000 140.7796252753 -18.6465201721123 -920.647429944744 -1297.90138229315 377.253952348409 0.364561583643625
195000 142.773542601681 121.744952939497 -923.922854463791 -1306.5200032482 382.597148784412 0.37068806728861
196000 142.83224492944 100.501070830162 -886.711091919403 -1269.46554816302 382.754456243612 0.361811849068603
197000 143.150807970805 -3.27983732615365 -871.910153090823 -1255.51827808225 383.60812499143 0.354065281073331
198000 130.953456273479 -44.7811090155774 -924.968801135262 -1275.89109444472 350.922293309456 0.359148839198608
199000 139.422284332226 -59.7581037426326 -893.457412749417 -1267.0740331014 373.616620351978 0.35541676743113
200000 144.091004420455 30.9632214436887 -892.48282267875 -1278.61043744664 386.127614767888 0.362011556652615
