step temp press etotal pe ke density
1000 140.925371698685 72.0859737591048 -938.11496384155 -1315.75947991077 377.644516069223 0.372413270173671
2000 135.684938612291 97.3877254046085 -934.86413292285 -1298.46560767844 363.601474755587 0.36839417274024
3000 141.411118354988 0.71218459471678 -916.752888322315 -1295.6990831364 378.946194814085 0.364883686388257
4000 138.80850966505 97.2967022725602 -922.672805832834 -1294.64466460379 371.971858770958 0.367448811760495
5000 137.213076421583 -28.6236077745159 -945.289523130346 -1312.98602248314 367.696499352796 0.36924763905999
6000 129.418552070736 -99.7270720346982 -957.388239967458 -1304.1973764488 346.80913648134 0.364180386251994
7000 146.041674324688 184.548421144742 -879.56605895615 -1270.92097795688 391.354919000725 0.363944104590343
8000 133.312290630496 -1.95702116936038 -940.099931568518 -1297.34330708273 357.243375514213 0.366414306062855
9000 138.638771208267 34.6887010066072 -910.379017650611 -1281.8960200916 371.517002440991 0.36287024803883
10000 143.239000802691 -83.0738281451161 -876.424354222872 -1260.26881379988 383.844459577013 0.35437126386569
11000 137.599034165985 -50.6388103196074 -909.672602636013 -1278.40337157314 368.730768937122 0.360397210132972
12000 139.427057195258 -6.97242374727075 -904.92670518423 -1278.55611560749 373.629410423264 0.361121522505274
13000 143.002255887823 35.9435131591234 -906.781153344733 -1289.99119615399 383.210042809262 0.36474931645843
14000 135.258742592613 74.1547844039004 -924.361066958314 -1286.82044368243 362.459376724112 0.364951790010365
15000 144.297603126666 14.5657200710972 -931.830027961272 -1318.51127524747 386.6812472862 0.369782359846936
16000 144.843126598436 52.068470783004 -909.398382972946 -1297.54149581974 388.143112846798 0.365954446175947
17000 145.525293516071 90.2603453893806 -889.606726338705 -1279.57787477898 389.971148440272 0.3639645726154
18000 140.494618661549 105.671454180958 -932.196163051437 -1308.6863694297 376.49020637826 0.371218974986295
19000 138.731084104991 27.3231358169751 -908.66713092046 -1280.43150868351 371.76437776305 0.362610081984815
20000 139.082810992231 -8.72211354794713 -914.899288745006 -1287.60620601332 372.706917268316 0.362260919969124
21000 144.143752711929 25.4005930682902 -945.375765099043 -1331.6447320079 386.268966908861 0.372297114120864
22000 141.421103338615 143.819923922868 -904.972584973953 -1283.94553703029 378.972952056335 0.365473122841719
23000 140.176948074456 16.0393924975663 -908.235799308287 -1283.87472849149 375.638929183201 0.361542004195825
24000 137.884060336071 120.772277170158 -924.561213326363 -1294.05578063969 369.494567313325 0.366900151702731
25000 140.997654066712 82.896942698575 -890.558272312365 -1268.39648692973 377.838214617363 0.358533478482849
26000 140.13406085979 27.2396497512093 -943.699386584211 -1319.22338882961 375.524002245398 0.371371721686804
27000 139.669836391741 -13.2711483289598 -970.131408815287 -1344.41140636181 374.279997546523 0.375434334307875
28000 138.24973358568 -15.0150330745098 -955.535342792265 -1326.0098223508 370.474479558532 0.371578659133011
29000 127.024824419946 -33.2800651745414 -941.599989728732 -1281.99453876291 340.394549034183 0.361697993616824
30000 155.071656143508 77.5451341655345 -835.709797368263 -1251.2627942096 415.552996841339 0.355956242020949
31000 144.192779019396 -72.9649444476477 -902.72823614259 -1289.12858121235 386.400345069761 0.360090915057387
32000 135.859001949557 -96.8529381136374 -943.552655440059 -1307.62057611645 364.067920676393 0.363903889097645
33000 144.287224422622 -53.3841223879717 -904.464868363124 -1291.11830333548 386.653434972356 0.361798815574176
34000 140.321831917325 69.3043393233517 -929.55031842402 -1305.57749982942 376.027181405402 0.368743354988945
35000 145.123182413446 20.4151852245443 -919.82425393798 -1308.71784586074 388.893591922759 0.367313605961971
36000 138.872246617792 25.5491642380496 -908.984752517276 -1281.12741027485 372.14265775757 0.362273385534358
37000 139.942317000976 -14.8178924771879 -936.866362462109 -1311.87653944029 375.010176978178 0.367676656670667
38000 140.768919273931 37.5737550008811 -921.870838831389 -1299.09610179152 377.225262960135 0.364391912808325
39000 144.607443515721 76.2871436832089 -916.848796065617 -1304.3603375875 387.511541521884 0.36712782448515
40000 138.207409169465 53.2430609288873 -924.227077535181 -1294.58813831407 370.361060778886 0.366750225042233
41000 137.437171279798 -62.5190776598183 -904.216834861304 -1272.51385201486 368.297017153559 0.357924476183863
42000 130.137628663433 -19.3863832069366 -914.852865005441 -1263.58894571685 348.736080711413 0.35718720054866
43000 141.386504159999 -7.94917398170461 -894.282398117713 -1273.16263308622 378.880234968509 0.358130593933874
44000 143.9130256887 -113.529647360276 -912.010897960421 -1297.66157453603 385.650676575608 0.361033641570884
45000 135.833463370179 18.9466397762367 -944.765222277637 -1308.76470599102 363.999483713383 0.368797955629523
46000 136.408267939922 56.1458562637256 -876.833211196128 -1242.37302644072 365.539815244592 0.353356348752067
47000 137.441993504012 19.5343288349296 -907.631533878499 -1275.94147337888 368.309939500385 0.359956220271602
48000 139.091588591414 -27.7109299053769 -918.648308782025 -1291.37874780626 372.730439024232 0.362167688983063
49000 130.311575150515 -110.205732970613 -957.890008007273 -1307.09222151042 349.202213503146 0.364624995506594
50000 139.558144854003 -49.1245367233409 -928.969776309226 -1302.95046865464 373.980692345412 0.364629200281527
51000 147.992914476019 25.6856483579107 -909.54158678091 -1306.12533813313 396.583751352219 0.367725878294832
52000 139.8196741316 52.4245630271502 -888.957768775689 -1263.63929374113 374.68152496544 0.359393114098202
53000 146.562259479726 60.9919441227065 -913.782602065475 -1306.53255821655 392.749956151079 0.369056952592248
54000 139.838988363268 3.65282021436937 -935.3975712821 -1310.13085352576 374.73328224366 0.367613267467583
55000 143.830900325375 46.9625284803474 -919.186192514245 -1304.61679379244 385.430601278194 0.36792993817421
56000 136.90734221753 54.1161342444513 -918.053176108138 -1284.93038476726 366.877208659122 0.364794261126587
57000 140.694488854354 121.057989734485 -907.103009049917 -1284.12881722456 377.025808174646 0.366091818844614
58000 138.739046722572 42.2299989816607 -935.454324541783 -1307.24004011524 371.785715573457 0.367417272832624
59000 130.797823854566 49.823358941465 -937.714665557032 -1288.21990316661 350.505237609575 0.365751814101047
60000 146.416295076257 92.0790578298947 -892.485583707004 -1284.84439200552 392.358808298519 0.364383261958773
61000 140.401813197922 9.1096924577949 -912.859919046275 -1289.10143014719 376.241511100912 0.364363448940897
62000 141.671526325047 -95.7810987056945 -879.214429713884 -1258.8584523261 379.644022612217 0.353264114947945
63000 133.98432555965 -2.27484160293157 -925.492533945376 -1284.53679387481 359.044259929438 0.362404210096882
64000 138.485625667986 -35.2109877631953 -911.886474116882 -1282.99308506661 371.106610949733 0.361500954295938
65000 139.771145357905 -6.24902650935358 -905.017472551146 -1279.56895262093 374.551480069786 0.361179780348983
66000 141.299510631754 34.6640755557677 -887.622184296354 -1266.2692985111 378.647114214742 0.359244237956476
67000 137.306702514399 58.9353803292871 -875.675981449692 -1243.62337515946 367.947393709767 0.353406037423242
68000 146.589105336892 24.7300760735721 -920.591226088946 -1313.41312237838 392.821896289435 0.369206367896072
69000 140.147003459445 -68.6351787870569 -892.795327628328 -1268.35401278231 375.558685153979 0.354403766488816
70000 143.387576705162 -58.4179942332232 -898.036740621991 -1282.27934621141 384.242605589415 0.359522357308587
71000 139.553330809745 25.2526395878651 -919.780964924786 -1293.74875684359 373.967791918807 0.365450105957198
72000 136.335511890532 80.9532951294374 -924.35287519771 -1289.69772254737 365.344847349658 0.366644103938835
73000 144.062981793305 13.1354359489145 -919.779664008802 -1305.83218519105 386.052521182243 0.367960170772299
74000 134.053334416417 20.4234564769596 -948.029264422569 -1307.25845071413 359.229186291557 0.367737747284807
75000 140.350485611376 26.1615844954495 -922.628395282926 -1298.73236137439 376.10396609146 0.365955814231502
76000 138.795681244534 -72.6331711647918 -952.509789843046 -1324.44727167677 371.937481833722 0.369547115588101
77000 142.127299685388 4.08450195815027 -890.909285218075 -1271.7746656882 380.865380470127 0.359284458443567
78000 141.338735742478 58.4113678724323 -891.66424545255 -1270.41647308852 378.75222763597 0.361145125053394
79000 137.672874039219 -156.815666005216 -918.50069696317 -1287.42933817026 368.92864120709 0.358332255924654
80000 137.459015504537 -119.409713627925 -892.194460703749 -1260.55001488 368.355554176247 0.35221459409579
81000 142.712442642771 15.2151080179455 -900.84637425688 -1283.27979053425 382.433416277369 0.363387677146242
82000 142.371576867095 19.5957903506618 -949.298270789025 -1330.81825260567 381.519981816647 0.373834205033263
83000 137.963601043164 -35.7715229157325 -939.85840030069 -1309.56611668346 369.707716382766 0.367190186077254
84000 140.730041787154 52.5880528226433 -897.06173029324 -1274.18281137681 377.121081083566 0.359993139469597
85000 145.36141226636 -116.530407559707 -886.952015434603 -1276.48400338522 389.531987950617 0.35423561575895
86000 136.099524522733 3.7824312393314 -925.192176399213 -1289.90463701654 364.712460617329 0.363015184633216
87000 146.204729623036 65.7783516660286 -920.488337092459 -1312.28020324113 391.791866148673 0.370571250120641
88000 139.349799831583 52.0248400872865 -931.291084675628 -1304.71346481495 373.42238013932 0.368382894359721
89000 142.891370913898 73.9478766201219 -905.674869955375 -1288.58776895148 382.912898996105 0.364123018111434
90000 143.861958152925 -40.7100023091645 -915.734814695886 -1301.24864313264 385.513828436752 0.364174780613604
91000 142.633763279061 -25.0718561899199 -914.254791376488 -1296.47736676783 382.222575391339 0.364925812054537
92000 139.761606990601 -72.9336434583328 -897.644117315766 -1272.17003696261 374.52591964684 0.355215513545249
93000 140.152007348511 45.225696188342 -892.555619102305 -1268.12771341918 375.572094316872 0.358352265139978
94000 143.018728551335 13.6957843413973 -900.443027141962 -1283.69721254219 383.254185400232 0.360435853633638
95000 139.718920805537 66.1173741120697 -926.044812704352 -1300.45634412211 374.411531417756 0.368016607426016
96000 141.786268264071 13.6634487953676 -897.093335049657 -1277.04483717045 379.951502120792 0.35828261766999
97000 144.489487634727 -38.7664818414196 -932.399370548713 -1319.5948200067 387.195449457989 0.368880326193883
98000 148.67649240249 -44.0116463229694 -840.3640144637 -1238.77958255783 398.415568094129 0.348845977318239
99000 143.942630594584 47.9006029548385 -909.362391460857 -1295.09240173075 385.730010269895 0.366557413744472
100000 139.489944339974 -37.8112689335871 -931.885572819694 -1305.68350495801 373.797932138318 0.364865388351414
