step temp press etotal pe ke density
101000 134.617923271132 -22.9975393410106 -941.931970180439 -1302.67411245889 360.742142278451 0.365260173462076
102000 136.919785865574 118.578216759271 -912.980846900167 -1279.89140140317 366.910554503003 0.364928904834963
103000 134.941457041477 -5.08769858645105 -927.100431225805 -1288.70956255428 361.609131328479 0.363240522199184
104000 139.705305731233 -60.2632646896775 -916.69877533561 -1291.07382178203 374.375046446421 0.360167011905826
105000 136.17082307436 106.729916337101 -922.425353195386 -1287.32887598059 364.903522785204 0.367722744378587
106000 140.415584257318 58.1505587222858 -888.580298352284 -1264.8587124253 376.27841407302 0.359076059085319
107000 136.037276564061 -8.79089793665631 -902.76878606463 -1267.31443782458 364.545651759948 0.35788117749797
108000 141.081798966725 -5.40303244025302 -905.872791549671 -1283.93649331432 378.063701764652 0.360977270216058
109000 136.099207999294 61.7963716284794 -919.542996304179 -1284.25460871838 364.711612414202 0.363971903166332
110000 133.345339313419 -64.9143131596305 -921.71022973575 -1279.04216739969 357.331937663944 0.359165188372845
111000 143.272832175669 40.3939259847005 -904.153384275073 -1288.08850341411 383.935119139036 0.363856445540418
112000 141.124641238152 34.9197711759029 -894.202276061347 -1272.38078432724 378.178508265891 0.361709734468701
113000 146.01940449088 103.974729973798 -895.611560624727 -1286.90680207761 391.295241452885 0.362537174630668
114000 136.383394777793 21.4093783524104 -927.624629658871 -1293.09779109115 365.47316143228 0.3650286148327
115000 145.515311211187 209.939063426223 -903.5451579145 -1293.48955629088 389.944398376377 0.371422778033933
116000 141.081071989323 -105.899609845138 -916.991028524356 -1295.0527821726 378.061753648243 0.36179217615211
117000 146.266547781838 -30.0470299059129 -895.212354711176 -1287.16987796179 391.957523250609 0.362684313873548
118000 140.040217908442 -52.231395392597 -929.371636025465 -1304.64416278763 375.27252676216 0.366241151881911
119000 137.321493097305 -59.9326005034992 -920.841380280071 -1288.82840902827 367.987028748203 0.361491275677262
120000 139.001618361355 -0.435551529257592 -920.820103430892 -1293.30944488993 372.489341459036 0.363593617018145
121000 138.873264799632 14.7654283217922 -929.183575841867 -1301.32896207042 372.145386228557 0.365955669706489
122000 143.666893614245 40.7407437067248 -920.097019025703 -1305.08812360923 384.991104583524 0.367292920393054
123000 136.859296669668 2.45149506009969 -929.563776439078 -1296.31223512612 366.748458687042 0.366085834790166
124000 138.766054973757 -0.655699288590314 -896.311115784802 -1268.1692066717 371.858090886901 0.356839707209275
125000 143.457417746384 16.2511097848782 -882.226510313657 -1266.65627231001 384.429761996357 0.357581289683917
126000 140.588836097745 42.440478750211 -905.075040557394 -1281.817725944 376.742685386606 0.363605489255319
127000 147.403870592052 17.4121173415557 -910.936214996256 -1305.94147704011 395.00526204385 0.367095405455726
128000 147.342012506523 -7.08615870230393 -882.029424812741 -1276.86892276108 394.839497948337 0.361564386553577
129000 145.762736150803 -99.477785089717 -876.48158734842 -1267.08902227002 390.607434921596 0.353598195952937
130000 135.597142976011 99.2910126109215 -896.586331061441 -1259.95253561567 363.366204554227 0.360406483192472
131000 146.749648956542 -65.729384476118 -865.66145697945 -1258.91356975028 393.252112770825 0.353391357452769
132000 136.987446593149 105.291935934048 -912.408702817096 -1279.50057103539 367.091868218297 0.363898908672121
133000 144.974006017671 137.645410541341 -906.270248298076 -1294.76408503756 388.493836739484 0.367901991519319
134000 139.208463705461 -66.852846687658 -892.13810768573 -1265.18174259054 373.043634904812 0.354287564085142
135000 142.695630343807 37.9755889562541 -911.247389859332 -1293.63575340823 382.388363548894 0.363704324693656
136000 144.19431536526 -49.3429003648397 -902.58164251406 -1288.98610460394 386.40446208988 0.361925771519976
137000 141.079980082574 -2.38551324705583 -909.465212264567 -1287.52403987763 378.058827613058 0.361902998355794
138000 136.545565821764 54.2928445167884 -894.267361912792 -1260.17510091391 365.907739001121 0.357137887485797
139000 137.880889456488 75.250134472023 -914.282328812994 -1283.76839896735 369.48607015436 0.365508954812281
140000 144.435305105459 -26.3941089638297 -889.537978914075 -1276.58823283489 387.050253920817 0.357482790489712
141000 141.740655854354 -63.2156393748848 -889.247487129778 -1269.07675947614 379.82927234636 0.355958052547517
142000 137.990108927507 12.1764806183296 -928.988733010264 -1298.76748384931 369.778750839045 0.365312397677862
143000 145.083369007261 -12.5389615533466 -879.513413711084 -1268.30031572889 388.786902017807 0.356953862437556
144000 135.861074659048 5.18051008514358 -881.232909571057 -1245.30638458705 364.073475015995 0.352102834424292
145000 138.838068114747 -99.9692381594312 -917.459126972789 -1289.51019494715 372.05106797436 0.360796552536402
146000 142.012678488052 78.1359863284036 -902.442640144943 -1283.00086466382 380.558224518878 0.363326028495755
147000 143.335878884073 91.6659971863384 -942.540059054257 -1326.64412749886 384.104068444601 0.375057785505976
148000 136.158225222833 113.211106497454 -924.88709608516 -1289.75685979997 364.869763714812 0.3674716434014
149000 143.855899303129 67.171551527484 -908.827910353408 -1294.32550259811 385.497592244706 0.365635682860144
150000 138.505428444673 -30.0513325956227 -937.744995053492 -1308.9046724591 371.159677405607 0.366550949680029
151000 137.590646301978 -16.7199870771026 -921.516371488807 -1290.22466306216 368.708291573356 0.364065768256736
152000 145.343038638433 -2.58711804734829 -861.589803057801 -1251.07255431141 389.482751253611 0.352520024402825
153000 136.873865145632 -50.7265126898661 -907.269434718978 -1274.05693325377 366.787498534791 0.358036955069308
154000 142.657181893308 92.3360825329467 -927.84682393055 -1310.13215531208 382.285331381533 0.371364763381592
155000 138.945480890562 -0.605280592540802 -895.478421403536 -1267.8173285743 372.338907170762 0.357481845455256
156000 134.234375044124 14.7592423239588 -884.717332937103 -1244.43166253121 359.714329594108 0.35372492738951
157000 141.731414538616 -79.2320079891492 -899.864952871854 -1279.66946081868 379.804507946824 0.359238032724732
158000 145.623439945687 50.3751448088122 -898.087123708188 -1288.32127986999 390.234156161803 0.363498055728451
159000 144.60133009124 8.52351350040192 -892.025882762996 -1279.52104184642 387.495159083422 0.361254728689595
160000 145.184540283238 -27.5122357305564 -871.084819954763 -1260.1428355208 389.058015566034 0.354705477079107
161000 146.273539561099 -22.2078759516266 -856.393044142936 -1248.36930360168 391.976259458743 0.352210542529719
162000 136.667179541596 43.6269700300428 -886.231432537285 -1252.46506568947 366.233633152186 0.354710475960884
163000 137.529863114126 -47.1844964555504 -932.902718143535 -1301.44812607653 368.545407932994 0.364071729598763
164000 138.007696218243 80.7037207572963 -917.561845590486 -1287.38772594084 369.825880350352 0.365095023660892
165000 142.214423164045 -36.2796964851376 -889.73325906892 -1270.8321085272 381.098849458283 0.356134337219851
166000 141.283002710956 103.830971639176 -911.713285018938 -1290.31616216206 378.60287714312 0.367153808402939
167000 144.694894557003 223.400532615793 -924.446110733272 -1312.19199902868 387.745888295405 0.375721009930419
168000 136.335929518575 -36.7473206235954 -924.49023034156 -1289.83619682923 365.34596648767 0.360122727919543
169000 143.667728203751 5.14686263761468 -890.592550144502 -1275.58589121778 384.993341073277 0.359382211340028
170000 144.253002869681 -61.8678759330897 -889.288921399856 -1275.85065122612 386.561729826265 0.357540693620625
171000 138.527654963966 -69.5249510067815 -927.936365637024 -1299.15560451847 371.21923888145 0.364114036025743
172000 136.882400483186 16.6163301527259 -955.839992339786 -1322.65036343032 366.810371090536 0.371811669204964
173000 142.685791708075 -29.4038020804177 -904.650725591751 -1287.01272407391 382.361998482157 0.362890851569294
174000 140.936838493894 -12.1104120009526 -913.464505804848 -1291.13974999829 377.675244193445 0.362832504503505
175000 140.8919777082 48.4097281920837 -893.290043713046 -1270.84507229521 377.555028582162 0.360407244133012
176000 142.543900151354 35.4013898341378 -919.615163470843 -1301.59692830432 381.981764833481 0.366985159045726
177000 140.987468349033 45.7613773580995 -895.249074693268 -1273.05999415166 377.810919458391 0.360227019647638
178000 138.304545468477 13.9245851072722 -920.500387688244 -1291.12174929296 370.621361604713 0.364124205137294
179000 138.856347350493 105.394943162625 -935.064861128993 -1307.16491285308 372.100051724087 0.370029067378733
180000 141.424911763537 -9.50700841709599 -928.768013716101 -1307.7511713924 378.983157676298 0.366609646631312
181000 138.265379351917 -43.2435702893592 -905.056000191674 -1275.57240646466 370.516406272991 0.358249562657377
182000 138.567168007086 -23.0239836890881 -910.802450784826 -1282.12757467383 371.325123889009 0.360001149935114
183000 140.504671379623 51.8123547474598 -920.201974357579 -1296.71911948935 376.517145131775 0.366377241806039
184000 142.766057613883 26.4599442607868 -893.728523289669 -1276.30561419124 382.577090901574 0.361011569933914
185000 142.495092010518 -77.7213209789843 -890.874825771122 -1272.72579707535 381.850971304224 0.356212890068195
186000 144.769261569895 28.9805324859805 -904.263170753369 -1292.20834392031 387.945173166941 0.364473816219412
187000 138.748360356753 56.8502810614672 -927.279457101757 -1299.09013086997 371.810673768215 0.365271689788071
188000 136.474898520892 -16.0635315145703 -931.365123225691 -1297.08349165203 365.71836842634 0.364318185104223
189000 141.744255587527 17.2179352926862 -938.393239270111 -1318.23215799509 379.838918724977 0.370860921089768
190000 141.502558622695 -0.842655204556685 -920.899824461422 -1300.0910561715 379.191231710075 0.364297049862779
191000 139.370996996779 -62.3880969168834 -914.719670565299 -1288.19885377064 373.479183205339 0.359891249702312
192000 143.400104222831 -48.9351006023036 -908.442673481173 -1292.71884966395 384.276176182778 0.36217853387909
193000 139.277674447863 23.5194656821289 -943.596904524421 -1316.82600679402 373.229102269603 0.370775101959037
194000 140.796857371215 -50.3049266497962 -921.14631594963 -1298.44644597665 377.30013002702 0.363467531095556
195000 143.65171908916 86.5369162552182 -938.59233215249 -1323.5427728292 384.950440676711 0.372889164900171
196000 141.85579374968 27.0043100966014 -912.932124132055 -1293.06993705019 380.137812918137 0.364724780510541
197000 139.993143206757 -12.259971973586 -904.650611460869 -1279.79698987428 375.14637841341 0.360618076664438
198000 145.37866987302 118.431453221718 -904.361427116475 -1293.93966110808 389.578233991605 0.367493124039557
199000 137.234952568342 -9.59696228560735 -924.258438155453 -1292.01356007391 367.755121918461 0.362844748800323
200000 135.109660574345 37.1609280469861 -908.792020292919 -1270.85189474171 362.059874448794 0.360378216246997
