step temp press etotal pe ke density
1000 143.077346240794 -3.57970278247761 -928.616122042318 -1312.02738809242 383.411266050098 0.367740491923925
2000 141.070655727812 152.986252092736 -945.481191768248 -1323.51503245809 378.033840689844 0.376930563286667
3000 142.379787893818 98.9674200243742 -903.958286900487 -1285.5002722015 381.541985301015 0.365504965158729
4000 139.216078683924 -73.6773797183976 -864.115980952294 -1237.1800220822 373.064041129905 0.347695032947301
5000 142.667356077168 67.1797203263059 -866.729435255334 -1249.04203088811 382.312595632773 0.355658154349983
6000 136.656200219596 -81.2629726244421 -923.074046960115 -1289.27825829355 366.204211333435 0.360971776790116
7000 139.184607562274 -37.2067556395824 -901.643441067718 -1274.62314751493 372.979706447211 0.356827453349574
8000 144.322913028232 -27.0473420624887 -908.573243650777 -1295.32231510102 386.749071450247 0.363472074685877
9000 149.101441379094 -5.20430554108966 -876.950615311906 -1276.50493967604 399.554324364129 0.359691515825338
10000 143.772955668291 25.5200764183674 -898.365748505671 -1283.64107269132 385.275324185647 0.361805266465726
11000 140.161489385846 1.86176264893112 -906.240029209229 -1281.83753299891 375.597503789684 0.362200936243559
12000 135.323759147755 -116.824644391385 -903.049693954267 -1265.68329867726 362.633604722997 0.355323797498337
13000 138.794161343352 -72.1141438991449 -896.888580917347 -1268.82198979856 371.933408881212 0.356129775368947
14000 141.43081813636 -78.6134865613932 -896.849028298583 -1275.84801356703 378.998985268446 0.356897062679087
15000 141.107467711922 45.6554568267207 -857.285258649965 -1235.41774618925 378.132487539288 0.351833304493436
16000 142.636296868113 76.1804768695425 -906.374660015131 -1288.60402478726 382.229364772129 0.366886675779628
17000 141.140692779777 -49.6217852872111 -928.913733228639 -1307.13525558487 378.221522356227 0.366841105936587
18000 136.874907050399 -18.2249590005637 -932.925206407572 -1299.71549698482 366.790290577253 0.365152397973981
19000 135.74665247669 -48.3322694662945 -918.782258833313 -1282.54911120809 363.766852374782 0.358706882118749
20000 133.984910310654 60.0705178061163 -922.618990969931 -1281.66481788484 359.04582691491 0.364545644325108
21000 137.045771700184 61.4248031054091 -933.073806604104 -1300.32197142503 367.248164820929 0.368512048586004
22000 135.160910676627 -18.3842420047406 -933.121106125964 -1295.31831794589 362.197211819925 0.365130504095304
23000 144.688360570577 58.2718913193807 -897.475750762329 -1285.20412961914 387.728378856813 0.363716585497969
24000 143.266239302837 -33.5724467390316 -890.802053734729 -1274.71950563443 383.917451899701 0.358995313098119
25000 139.63732699797 6.4413663458136 -919.914977893146 -1294.10785844909 374.192880555945 0.364708944633468
26000 140.902617364994 -53.6205933762201 -900.864433102942 -1278.44797328662 377.583540183678 0.357922423069161
27000 136.050945093702 -115.686778426465 -919.852086886936 -1284.43436686506 364.582279978127 0.35849465961164
28000 139.076713288157 -28.2225976749682 -915.203606567272 -1287.89418352386 372.690576956586 0.361528583127288
29000 147.481984016984 119.970234252311 -883.77783414649 -1278.99242050293 395.214586356437 0.363596390297814
30000 141.149424012911 -7.0594256864914 -915.829903576459 -1294.07482343927 378.244919862808 0.364492427134572
31000 142.400019900469 -41.0500427608778 -840.083558312542 -1221.67976029767 381.596201985128 0.344388628099787
32000 136.994303179116 -65.1975626505869 -940.507391236108 -1307.61763337855 367.11024214244 0.365650031343354
33000 142.49676907067 75.216113961973 -903.429015777685 -1285.28448118089 381.855465403204 0.365287921181958
34000 141.826250591694 -4.5130212152053 -905.67459555939 -1285.73324025206 380.058644692669 0.360614404619242
35000 135.523499497667 15.0043057790087 -918.148160800225 -1281.31701937335 363.168858573122 0.36122702256163
36000 137.72909304106 -80.9588145307231 -918.186555458868 -1287.26584943691 369.079293978046 0.360217046908442
37000 138.834459400417 160.749583044581 -951.990331480817 -1324.03172900932 372.041397528504 0.37701979847782
38000 145.137058442414 36.8294179274629 -938.789681268578 -1327.72045745547 388.930776186893 0.372162911004111
39000 133.527042043155 90.255092877164 -925.624518824751 -1283.44337405799 357.818855233239 0.365691839097561
40000 140.940771324565 -0.407456912789987 -887.647046476469 -1265.33282966596 377.685783189493 0.358578555147962
41000 137.066855578332 -39.2333807013326 -893.080251703553 -1260.38491600973 367.30466430618 0.355049111861837
42000 143.058054915319 90.2538593832545 -896.287308705344 -1279.64687886005 383.359570154706 0.362074437564386
43000 143.953620088931 19.0979623229789 -888.944709099054 -1274.70416844703 385.759459347975 0.359196981340958
44000 131.60017272346 -5.0180070881223 -908.899451429726 -1261.55478200453 352.655330574807 0.356231162032243
45000 138.320396657051 19.7817515804568 -937.257505882311 -1307.92134468163 370.663838799316 0.367783650231337
46000 140.541518333078 70.194022567775 -926.182225887919 -1302.79811157818 376.615885690258 0.368353565860787
47000 142.246406590677 0.401605811101938 -924.015986017262 -1305.20054300661 381.184556989346 0.368248696871095
48000 143.57533103981 72.4734822295895 -903.593636944538 -1288.33937688083 384.745739936292 0.364814035429913
49000 138.643946885795 72.6870027235466 -930.33695554592 -1301.86782749963 371.53087195371 0.367853178315347
50000 135.643582637494 40.7540347359781 -933.266790283391 -1296.75744143851 363.49065115512 0.36625070745863
51000 143.898623187123 21.4167327269292 -871.845298120154 -1257.45737961758 385.612081497429 0.356165920822428
52000 138.823517733014 -31.5264078587683 -902.983424136978 -1274.99550075157 372.012076614595 0.358724654899888
53000 145.522159182118 64.5746311683172 -876.832992785644 -1266.79574200004 389.962749214394 0.359118749150775
54000 134.003094509943 -104.697395049442 -913.292811287987 -1272.38736727885 359.094555990859 0.3560615548218
55000 137.625502827755 -13.8597432904359 -901.515813811074 -1270.31751209786 368.801698286782 0.358187256929411
56000 136.92221238094 24.4334102987739 -921.032111903806 -1287.94916885708 366.917056953274 0.364154598021915
57000 144.209075785399 44.3150028241504 -933.949886451732 -1320.39390275143 386.444016299694 0.372437046708507
58000 142.139568682671 51.1912007257416 -919.753640880806 -1300.65189917475 380.898258293943 0.36808246595062
59000 142.868772106608 -16.6375796610837 -880.51120875598 -1263.36354863814 382.852339882158 0.356220428998685
60000 142.076050761064 52.0704855172389 -901.046818594471 -1281.7748648501 380.728046255629 0.362902248349777
61000 139.7466779428 -12.0343321387332 -922.828300970762 -1297.31421452811 374.485913557343 0.364789526254453
62000 141.274006324016 -13.6853131048335 -901.986968134786 -1280.56573722588 378.578769091098 0.361709673479064
63000 144.803080376155 89.3184866150817 -876.953836043451 -1264.98963509678 388.035799053324 0.361842252666928
64000 137.664299853137 -23.8491628136593 -903.552016362865 -1272.45768090994 368.905664547071 0.358296732956995
65000 139.73255343389 -7.28557623889043 -915.349011950627 -1289.79707538015 374.448063429523 0.363076685496766
66000 145.44850946971 -68.2196802096768 -894.159226214584 -1283.92461274215 389.765386527563 0.358704742115124
67000 145.270156282874 35.2309159082878 -927.420607462471 -1316.70805235241 389.287444889941 0.3707685391877
68000 141.962003235085 -33.5865387110498 -898.450307786272 -1278.87273538546 380.422427599185 0.358743220531008
69000 137.327105861859 24.4590592109829 -919.450579860306 -1287.45264940441 368.002069544108 0.364528233372701
70000 139.972976467127 34.6864927999911 -928.516629398092 -1303.60896602657 375.092336628481 0.368597477001066
71000 134.688231871578 -147.291570467715 -911.135920805557 -1272.06647243195 360.930551626397 0.356641413848541
72000 138.125366309161 -37.3660586656619 -909.684279521256 -1279.82548609005 370.141206568795 0.360694990659593
73000 136.085547944364 -72.3769998712098 -932.227059347128 -1296.90206625324 364.675006906113 0.363714287670858
74000 139.572153141158 65.3566927095972 -906.744215392924 -1280.76244642111 374.018231028189 0.363704600436111
75000 138.804928114707 111.863136753965 -903.75788651684 -1275.72014763459 371.962261117747 0.363493686023833
76000 142.344006431982 80.1886977376024 -916.026175376421 -1297.47227536824 381.446099991816 0.367352031024842
77000 138.30248423083 -51.4287176961701 -897.938742605078 -1268.55458061184 370.615838006766 0.355658378417659
78000 143.800456862301 89.2372478869399 -858.718742416979 -1244.06776287873 385.349020461755 0.354930055840507
79000 138.197393099783 -11.9739222149803 -921.950596360034 -1292.28481659387 370.334220233834 0.3647834663409
80000 137.977162531766 61.0975441833942 -921.57493379788 -1291.31899155579 369.744057757909 0.365939492845208
81000 138.206518404987 40.107563782902 -921.116142494446 -1291.47481624879 370.358673754349 0.364349742895444
82000 147.202084012385 96.4187195137316 -898.397470907435 -1292.86199572059 394.464524813151 0.367802669837114
83000 142.620025925295 31.4818229286861 -917.734866404877 -1299.92062914671 382.185762741833 0.367580651362072
84000 138.516456050786 -55.3966804507418 -925.981652112757 -1297.17088072638 371.189228613624 0.363376468664619
85000 136.58626585953 26.449306464079 -919.069364071886 -1285.08616892737 366.016804855486 0.363770738280879
86000 140.230115706697 -26.6216983951116 -926.179062262679 -1301.96046731453 375.781405051855 0.366101773783677
87000 142.547536559007 63.3409913948051 -897.657124769935 -1279.6486342604 381.99150949047 0.361749676349143
88000 137.105798037794 50.5849028668515 -922.803709511783 -1290.21272980497 367.40902029319 0.366085064945709
89000 142.853207292481 68.2607887981068 -929.69093071094 -1312.50156080991 382.810630098973 0.371041677367947
90000 140.506387710702 94.2658704651238 -914.990289213577 -1291.51203368053 376.521744466955 0.366355798867358
91000 139.484477106354 86.1828572162523 -914.63681609504 -1288.42009742372 373.783281328675 0.365134800677973
92000 143.163772722785 86.0467403657232 -890.92579704182 -1274.56866430449 383.642867262667 0.362848632643027
93000 134.476212000924 -79.0995345812642 -924.600189741361 -1284.9625814936 360.362391752239 0.35927262329734
94000 142.264011508597 12.9876094523502 -900.037690248352 -1281.26942398542 381.231733737069 0.361235586409511
95000 140.064230594032 54.0135294654657 -913.65014407517 -1288.98701878916 375.336874713987 0.363457078690313
96000 143.292408904817 18.2549442914584 -864.386186542544 -1248.37376638696 383.987579844418 0.354892777871538
97000 137.195492470018 104.317461847995 -944.556471524722 -1312.20585031435 367.649378789625 0.372753277768462
98000 141.528647266561 -50.5122857304842 -926.827155088903 -1306.08829779633 379.261142707428 0.364977395315745
99000 139.388888421298 24.0934940462017 -888.269336606296 -1261.79646432491 373.527127718616 0.358063567585853
100000 147.509833022331 39.306062932901 -864.928773262489 -1260.21798794185 395.289214679359 0.357523061004293
